  26,-262, -42,-136, -35, -12,  31,-1000,   5;
26,-257,-39,-136,-39,-11,27,-998,   7;
31,-260,-39,-135,-42,-10,32,-996,   4;
29,-261,-42,-137,-44,-11,32,-997,   9;
26,-256,-44,-140,-47,-12,28,-997,   2;
27,-260,-38,-139,-51,-11,29,-999,  14;
28,-258,-43,-141,-51,-9,26,-998,   8;
27,-262,-37,-140,-52,-7,33,-996,  10;
29,-262,-41,-140,-51,-6,33,-1003,   6;
32,-261,-39,-139,-51,-6,33,-1005,  11;
31,-263,-37,-135,-49,-4,40,-1003,  13;
28,-263,-41,-132,-51,-3,34,-1002,   5;
28,-261,-38,-129,-49,-5,36,-1003,   3;
28,-261,-41,-126,-50,-3,41,-1003,   5;
26,-268,-54,-120,-49,-5,37,-1003,   5;
32,-264,-39,-116,-49,-4,31,-1004,   4;
29,-262,-41,-113,-50,-3,38,-1006,   6;
31,-262,-38,-108,-50,-3,40,-1007,   7;
30,-264,-42,-103,-49,-4,36,-1013,   3;
30,-263,-42,-99,-48,-4,37,-1006,   7;
31,-262,-39,-95,-45,-3,35,-1004,   7;
32,-264,-40,-91,-43,-4,36,-1000,  10;
32,-260,-42,-86,-41,-2,43,-996,   2;
32,-258,-38,-83,-39,-2,41,-993,   3;
34,-257,-44,-84,-35,-3,44,-989,   5;
34,-260,-44,-86,-32,-3,43,-990,   1;
35,-261,-42,-86,-29,-2,43,-994,   1;
30,-260,-46,-84,-27,-1,49,-1004,  -5;
31,-265,-42,-80,-24,-2,46,-1006,  -1;
33,-265,-43,-76,-24,0,48,-1010,  -3;
33,-266,-43,-71,-23,1,48,-1010,  -6;
32,-264,-43,-66,-21,4,45,-1012,   0;
31,-264,-41,-59,-19,4,42,-1011,  -1;
32,-263,-43,-53,-15,4,43,-1011,   6;
33,-266,-39,-48,-11,5,39,-1011,  -2;
28,-263,-43,-46,-7,6,40,-1013,  -2;
30,-264,-41,-42,-3,6,45,-1009,   5;
32,-266,-40,-40,1,6,43,-1011,   7;
31,-262,-42,-36,3,9,47,-1012,  -1;
33,-265,-39,-31,5,10,43,-1016,   0;
35,-265,-45,-24,5,11,47,-1008,  -4;
32,-263,-45,-18,6,13,51,-999,  -6;
32,-260,-46,-13,7,13,50,-998, -10;
32,-260,-46,-11,7,15,46,-993, -11;
29,-257,-45,-11,7,14,43,-994, -12;
32,-258,-42,-14,5,16,38,-993, -13;
32,-257,-46,-18,5,15,38,-990, -12;
29,-259,-44,-19,5,14,36,-989,  -9;
28,-257,-46,-18,4,13,33,-993,  -9;
31,-260,-43,-18,6,11,30,-994, -14;
27,-262,-46,-17,8,11,32,-997, -11;
29,-261,-40,-16,10,8,36,-997,  -8;
30,-263,-46,-13,10,7,28,-1006, -10;
31,-264,-44,-9,12,5,32,-1002, -12;
27,-263,-46,-6,13,3,37,-1002, -11;
29,-264,-46,-4,14,0,34,-1004, -10;
33,-265,-43,-2,15,-2,36,-1003,  -7;
32,-264,-46,1,16,-3,42,-1001,  -3;
36,-264,-43,3,18,-4,40,-1000,  -8;
34,-267,-43,5,19,-5,43,-1004, -11;
32,-262,-40,6,21,-5,50,-999,  -3;
32,-260,-39,6,24,-7,48,-1003,   1;
32,-260,-41,6,27,-7,42,-1001,   0;
31,-260,-46,5,30,-6,41,-1001,   0;
33,-265,-41,5,34,-6,48,-997,   7;
30,-263,-39,4,38,-5,45,-994,  13;
34,-263,-40,5,41,-3,42,-1005,  12;
32,-264,-41,6,43,-2,44,-1007,  14;
31,-260,-40,8,47,-2,45,-1003,  12;
34,-265,-39,8,51,-1,43,-1004,   9;
32,-263,-38,9,53,-1,41,-1002,   9;
32,-262,-44,12,57,2,41,-1001,  12;
35,-265,-35,11,60,1,43,-999,  10;
33,-262,-40,11,63,1,45,-1003,  15;
33,-260,-34,9,67,1,42,-997,   9;
29,-262,-39,10,72,1,41,-999,  14;
35,-260,-41,10,74,0,45,-998,  13;
33,-261,-41,7,78,0,43,-991,  14;
33,-261,-40,7,82,-1,44,-994,  16;
30,-256,-35,6,85,0,39,-992,  14;
30,-258,-38,2,87,0,38,-990,  11;
32,-257,-39,-4,90,0,34,-985,   8;
33,-257,-38,-10,95,0,34,-990,   4;
29,-258,-39,-16,96,-1,39,-988,   3;
33,-258,-40,-21,96,-1,35,-991,   6;
31,-259,-40,-23,97,1,34,-990,  12;
30,-261,-36,-27,97,3,37,-993,  12;
28,-261,-35,-27,98,3,36,-991,  12;
29,-260,-37,-30,98,4,31,-993,  13;
27,-261,-37,-32,98,5,33,-1002,  14;
28,-263,-36,-28,98,5,26,-1003,  11;
32,-261,-38,-27,98,6,27,-1003,  15;
28,-262,-39,-25,97,7,32,-1003,  12;
27,-262,-40,-25,95,7,30,-999,   6;
28,-261,-40,-25,94,6,23,-996,   6;
24,-262,-39,-27,89,5,18,-996,   7;
28,-262,-40,-30,89,4,22,-1001,   6;
28,-259,-39,-32,88,3,21,-998,   3;
25,-260,-41,-35,86,4,19,-1001,   8;
26,-260,-35,-35,84,4,15,-997,   6;
28,-261,-39,-34,84,4,17,-999,  11;
26,-262,-43,-33,80,5,21,-1001,   2;
26,-262,-41,-31,78,7,15,-1002,   8;
24,-261,-38,-30,75,7,17,-1001,   5;
26,-262,-40,-29,70,6,12,-1003,  10;
28,-263,-39,-29,65,8,15,-1003,  12;
27,-262,-41,-27,62,9,22,-1004,   9;
26,-259,-42,-27,59,8,23,-1004,  11;
26,-263,-40,-25,57,9,24,-1004,  11;
24,-260,-36,-22,56,9,21,-1000,   5;
28,-263,-41,-21,55,10,30,-1003,   8;
30,-264,-38,-17,53,8,25,-1006,  12;
29,-264,-38,-15,52,6,25,-1006,   8;
30,-263,-41,-14,51,5,27,-1004,   9;
26,-263,-40,-9,48,6,24,-1002,   7;
26,-263,-42,-7,45,3,23,-998,   2;
29,-259,-41,-5,43,4,26,-997,   6;
30,-262,-40,-7,40,3,27,-992,   4;
28,-261,-38,-6,37,2,29,-994,   4;
29,-260,-43,-8,35,2,27,-990,   2;
28,-260,-39,-9,33,3,26,-993,  14;
30,-258,-35,-11,31,4,26,-994,   9;
26,-260,-37,-12,32,6,21,-995,  11;
28,-261,-36,-15,31,6,23,-1000,  14;
28,-259,-36,-19,29,6,23,-997,  16;
29,-264,-37,-20,30,6,29,-1005,  17;
29,-263,-37,-20,28,6,29,-1006,  18;
28,-263,-37,-21,27,4,27,-1000,  19;
30,-267,-39,-19,26,5,27,-999,  18;
29,-261,-40,-21,24,4,29,-1003,  19;
28,-262,-40,-22,21,3,23,-1000,  16;
26,-260,-36,-23,18,2,22,-997,  17;
26,-260,-39,-24,16,1,25,-996,  14;
28,-261,-37,-26,15,0,25,-996,  14;
29,-258,-44,-25,12,-1,27,-997,  10;
31,-260,-39,-26,11,-3,27,-997,  10;
29,-260,-40,-25,10,-5,28,-996,   8;
29,-263,-38,-26,9,-5,27,-999,   9;
30,-263,-36,-26,8,-5,33,-994,   9;
32,-260,-37,-27,7,-6,29,-995,   7;
30,-262,-39,-29,7,-7,31,-998,   9;
31,-260,-38,-28,6,-7,32,-993,  15;
30,-263,-39,-30,6,-7,34,-998,  14;
30,-260,-38,-33,7,-6,34,-1003,  14;
28,-261,-35,-34,7,-6,38,-1000,  16;
30,-261,-38,-35,8,-5,31,-1003,  18;
30,-261,-39,-37,7,-6,33,-1001,  19;
33,-263,-39,-38,8,-7,35,-1004,  17;
31,-259,-40,-39,9,-7,35,-1002,  18;
29,-261,-43,-42,10,-7,32,-995,  19;
30,-262,-36,-41,11,-8,35,-996,  14;
27,-261,-37,-43,11,-7,28,-1005,  17;
28,-262,-38,-43,10,-5,38,-1003,  17;
30,-263,-39,-41,11,-5,34,-1004,  10;
29,-261,-41,-40,11,-4,32,-998,   6;
35,-257,-45,-43,13,-2,31,-997,   5;
32,-264,-37,-44,12,0,32,-1007,   6;
30,-263,-40,-46,12,2,33,-1010,   3;
28,-262,-36,-46,11,4,33,-1011,   8;
28,-266,-40,-43,11,4,27,-1011,  13;
28,-264,-35,-40,10,2,34,-1006,  16;
29,-265,-41,-35,10,3,20,-1006,  16;
29,-265,-35,-30,8,4,25,-1007,  18;
29,-259,-39,-26,9,4,30,-993,   5;
31,-259,-41,-23,11,3,32,-986,   7;
30,-259,-40,-24,10,2,34,-981,   5;
31,-257,-42,-26,11,0,34,-987,   7;
31,-258,-42,-29,11,0,31,-984,   5;
30,-257,-43,-35,11,-2,34,-988,   8;
30,-260,-44,-40,10,-2,34,-992,   5;
32,-262,-39,-42,11,-2,31,-994,  15;
28,-260,-36,-42,10,-3,32,-1003,  14;
31,-263,-37,-40,9,-2,32,-1006,  16;
29,-263,-38,-43,10,-3,28,-1009,  18;
28,-263,-37,-42,10,-2,28,-1003,  12;
28,-261,-40,-39,10,-3,27,-1006,  18;
30,-261,-39,-38,10,-3,30,-1007,  10;
20,-257,-38,-37,10,-2,28,-1007,  16;
28,-260,-40,-36,12,0,32,-997,  17;
28,-261,-41,-34,13,1,35,-998,  15;
29,-261,-39,-31,15,3,31,-998,  22;
28,-261,-42,-30,17,5,36,-1008,  18;
31,-261,-37,-31,19,5,38,-1003,  17;
31,-261,-37,-30,19,5,38,-999,  13;
29,-262,-37,-30,21,3,29,-1000,  16;
29,-258,-39,-33,22,4,38,-994,  12;
29,-258,-39,-33,22,4,35,-990,  21;
29,-260,-39,-35,22,3,35,-988,  18;
27,-260,-37,-36,22,4,27,-991,  17;
29,-260,-37,-36,22,1,28,-993,  23;
27,-256,-33,-38,23,1,28,-994,  22;
26,-259,-32,-39,26,0,34,-992,  24;
30,-260,-36,-41,26,1,30,-995,  31;
28,-260,-33,-43,27,0,27,-1003,  27;
26,-262,-36,-47,27,2,27,-1002,  23;
28,-260,-33,-46,28,3,31,-1002,  23;
27,-263,-31,-46,29,3,22,-1002,  27;
29,-261,-35,-45,30,3,25,-998,  26;
25,-259,-35,-46,31,3,28,-999,  24;
30,-261,-38,-45,31,3,23,-998,  25;
27,-260,-36,-45,31,5,27,-1002,  23;
28,-260,-38,-46,31,6,25,-997,  21;
29,-260,-38,-49,30,6,28,-999,  26;
27,-260,-36,-51,30,7,23,-995,  20;
29,-260,-36,-52,29,6,26,-993,  24;
28,-258,-36,-52,29,6,25,-997,  16;
29,-261,-37,-55,29,4,28,-998,  22;
26,-260,-41,-56,29,5,31,-995,  22;
29,-260,-36,-56,31,6,29,-996,  23;
29,-261,-38,-57,31,5,30,-996,  22;
29,-257,-34,-56,33,4,28,-1001,  24;
28,-263,-37,-57,34,3,34,-1002,  23;
30,-265,-32,-55,36,2,33,-1001,  30;
30,-263,-35,-54,38,0,32,-1004,  30;
26,-261,-37,-53,40,-2,34,-1008,  28;
32,-265,-34,-51,41,-2,36,-1005,  32;
30,-265,-34,-48,41,-4,34,-1014,  30;
29,-264,-32,-44,42,-5,35,-1010,  25;
27,-263,-31,-41,41,-5,29,-1012,  26;
28,-262,-34,-38,41,-5,32,-1007,  23;
32,-262,-34,-35,42,-4,26,-1000,  23;
30,-263,-37,-34,40,-3,31,-1003,  25;
28,-262,-35,-32,39,-3,28,-1003,  23;
30,-259,-34,-32,36,-1,27,-1000,  23;
26,-259,-32,-31,36,0,29,-998,  23;
27,-261,-40,-31,35,2,26,-1000,  20;
29,-262,-37,-32,34,1,26,-998,  19;
28,-262,-36,-34,32,3,29,-999,  19;
28,-259,-36,-34,32,2,28,-999,  23;
30,-262,-31,-34,33,2,26,-999,  23;
28,-261,-35,-36,33,1,34,-997,  22;
30,-260,-33,-36,35,0,36,-999,  22;
30,-260,-37,-38,36,-2,30,-999,  21;
31,-262,-33,-38,36,-4,34,-1000,  21;
29,-258,-37,-38,38,-4,39,-997,  22;
30,-261,-35,-38,36,-5,36,-1005,  24;
32,-263,-35,-37,35,-5,37,-1000,  25;
31,-262,-36,-38,35,-6,38,-1002,  23;
29,-263,-32,-38,35,-7,35,-1000,  23;
31,-264,-37,-39,35,-7,27,-1002,  26;
30,-262,-35,-39,34,-8,34,-999,  17;
28,-261,-37,-39,34,-7,33,-1003,  23;
26,-258,-34,-41,33,-7,30,-998,  20;
27,-261,-32,-41,32,-6,33,-988,  21;
34,-264,-35,-40,30,-6,27,-993,  18;
28,-263,-35,-39,28,-4,30,-999,  19;
30,-262,-37,-39,26,-3,25,-1002,  22;
25,-262,-36,-40,25,-3,25,-1001,  23;
26,-263,-37,-37,23,-3,28,-999,  21;
29,-263,-37,-36,21,-2,25,-1000,  23;
29,-261,-38,-35,19,-2,23,-998,  18;
25,-260,-34,-31,17,0,32,-996,  27;
31,-261,-37,-29,14,0,31,-998,  21;
27,-263,-32,-29,13,0,29,-995,  20;
29,-263,-36,-29,10,0,27,-997,  17;
28,-260,-40,-32,8,1,32,-1000,  21;
27,-260,-35,-33,5,0,30,-994,  16;
31,-258,-32,-34,3,1,28,-996,  17;
27,-263,-34,-36,1,0,24,-994,  21;
29,-260,-35,-38,-1,0,28,-1001,  20;
29,-261,-31,-39,-3,1,24,-998,  21;
32,-263,-38,-40,-3,0,24,-1001,  24;
37,-255,-44,-41,-3,-2,21,-998,  20;
30,-262,-28,-41,-4,-2,27,-1002,  23;
26,-260,-37,-41,-4,-6,25,-998,  25;
30,-265,-33,-44,-4,-6,29,-1000,  22;
29,-263,-39,-45,-6,-7,19,-1001,  24;
30,-264,-38,-45,-5,-8,27,-1004,  29;
30,-266,-38,-42,-5,-8,29,-1008,  23;
28,-263,-40,-41,-4,-8,29,-1006,  21;
28,-258,-36,-39,-4,-8,31,-1003,  15;
29,-264,-39,-37,-6,-10,30,-998,  15;
29,-261,-39,-36,-8,-10,26,-1001,  19;
20,-259,-28,-37,-10,-12,26,-999,  20;
26,-260,-37,-38,-11,-12,28,-1002,  19;
26,-260,-34,-40,-15,-12,22,-996,  21;
25,-260,-38,-40,-17,-13,23,-998,  21;
24,-258,-36,-40,-20,-11,20,-998,  18;
25,-263,-36,-39,-22,-13,23,-997,  23;
27,-260,-35,-39,-25,-12,21,-996,  22;
28,-262,-36,-39,-28,-13,26,-996,  21;
28,-261,-37,-39,-27,-12,25,-994,  24;
25,-262,-34,-41,-30,-10,27,-994,  21;
29,-259,-38,-42,-31,-8,28,-994,  27;
42,-253,-37,-45,-32,-8,31,-991,  20;
30,-261,-38,-47,-32,-8,35,-994,  23;
32,-259,-37,-50,-32,-6,35,-994,  27;
32,-261,-36,-50,-32,-4,35,-1000,  21;
30,-261,-43,-50,-34,-4,34,-1000,  20;
32,-260,-36,-52,-35,-3,37,-998,  24;
31,-263,-35,-51,-37,-2,32,-1003,  16;
31,-262,-33,-51,-37,-1,36,-1003,  19;
30,-260,-38,-51,-37,-1,30,-1002,  16;
31,-262,-35,-50,-40,-1,31,-1001,  18;
29,-265,-34,-48,-41,1,28,-1000,  20;
29,-264,-35,-48,-41,2,29,-1004,  12;
31,-263,-38,-48,-43,0,34,-1005,  13;
28,-260,-37,-48,-40,-1,30,-1013,  15;
29,-264,-40,-45,-40,0,32,-1005,  15;
27,-261,-39,-44,-39,0,34,-1004,  16;
27,-261,-36,-43,-40,0,30,-1005,  11;
29,-260,-42,-42,-38,0,42,-1004,  15;
32,-262,-37,-41,-37,1,37,-1002,  14;
28,-258,-37,-36,-38,0,37,-997,  20;
33,-261,-37,-35,-36,-2,33,-996,  14;
30,-257,-38,-35,-35,-4,35,-995,  20;
31,-258,-35,-37,-32,-4,42,-993,  15;
34,-263,-41,-38,-29,-6,40,-997,  15;
33,-260,-35,-39,-27,-6,42,-997,  15;
30,-260,-35,-41,-24,-7,37,-996,  18;
34,-261,-39,-42,-22,-8,32,-999,  17;
34,-262,-40,-42,-19,-8,43,-998,  14;
32,-261,-39,-43,-17,-12,35,-1001,  12;
29,-258,-41,-42,-17,-10,38,-991,  16;
31,-260,-42,-43,-14,-10,39,-999,  12;
29,-260,-38,-44,-12,-10,36,-996,   8;
31,-260,-37,-47,-9,-9,33,-998,  15;
35,-263,-37,-47,-6,-9,34,-1002,  19;
29,-263,-32,-48,-4,-9,37,-1004,  20;
31,-265,-36,-45,-3,-10,41,-1010,  14;
30,-260,-36,-43,1,-9,36,-1010,  18;
31,-263,-36,-40,4,-9,37,-1004,  21;
31,-259,-35,-38,7,-10,37,-1005,   9;
35,-264,-39,-38,9,-10,42,-999,  15;
33,-259,-40,-40,11,-13,36,-999,  14;
31,-261,-38,-45,15,-14,36,-996,  13;
30,-260,-38,-47,19,-15,38,-993,  12;
30,-260,-38,-51,20,-16,35,-993,  13;
30,-260,-39,-52,22,-17,36,-999,  14;
29,-259,-37,-55,24,-16,34,-995,  18;
31,-261,-38,-57,25,-16,26,-995,  11;
25,-260,-35,-58,26,-16,29,-997,  19;
31,-262,-36,-60,27,-14,34,-997,  16;
32,-262,-34,-61,26,-14,31,-1000,  15;
29,-262,-34,-61,26,-14,32,-1000,  21;
28,-263,-34,-60,26,-12,28,-1004,  20;
31,-259,-38,-60,27,-10,27,-1003,  20;
31,-261,-43,-59,26,-9,28,-1008,  14;
28,-262,-32,-59,27,-9,30,-1003,  20;
29,-261,-43,-60,28,-9,30,-1002,  18;
28,-259,-39,-59,28,-10,34,-998,  13;
27,-262,-39,-61,29,-9,32,-997,  18;
32,-259,-38,-61,29,-9,29,-1000,  16;
30,-257,-42,-62,30,-10,31,-995,   7;
25,-260,-38,-65,30,-10,30,-997,   9;
31,-261,-39,-66,30,-11,28,-994,   7;
30,-263,-42,-67,29,-10,27,-995,   6;
28,-259,-41,-70,30,-11,33,-1000,   9;
29,-260,-43,-73,29,-11,21,-1003,   8;
26,-265,-40,-72,26,-12,25,-1002,  12;
28,-263,-37,-72,25,-11,22,-1005,  12;
27,-263,-39,-71,24,-10,23,-1007,  14;
31,-266,-38,-67,22,-9,27,-1008,  11;
29,-263,-39,-66,21,-7,25,-1006,  17;
27,-263,-34,-65,21,-6,26,-1007,  11;
26,-263,-34,-66,19,-6,31,-1001,  13;
32,-262,-37,-63,19,-6,26,-1001,  15;
27,-262,-32,-62,17,-5,29,-998,  15;
27,-258,-40,-62,17,-5,27,-1001,  15;
29,-257,-39,-64,17,-7,24,-993,  17;
30,-262,-39,-65,17,-6,34,-993,   9;
29,-261,-34,-68,15,-9,31,-993,  15;
28,-259,-37,-70,13,-8,33,-991,  15;
27,-256,-41,-72,11,-10,27,-996,  15;
26,-259,-39,-77,9,-9,30,-990,  13;
27,-258,-39,-80,9,-11,28,-991,  10;
29,-260,-38,-83,6,-11,28,-997,  10;
27,-261,-37,-81,5,-11,23,-999,   7;
29,-260,-38,-82,4,-11,26,-997,   9;
27,-258,-39,-80,2,-12,25,-1000,  10;
28,-260,-38,-77,2,-11,29,-998,   9;
27,-260,-39,-75,1,-12,27,-1000,  12;
28,-261,-39,-77,1,-12,33,-1001,  13;
32,-260,-38,-77,2,-12,29,-998,  17;
29,-262,-41,-76,1,-11,33,-995,  14;
28,-259,-38,-75,2,-12,24,-999,  16;
30,-259,-39,-76,0,-12,29,-999,   8;
28,-263,-38,-76,-1,-14,29,-998,  11;
28,-258,-38,-77,1,-14,35,-997,  12;
28,-261,-39,-77,1,-15,30,-998,  12;
30,-259,-37,-74,1,-16,34,-994,   9;
30,-258,-37,-77,0,-16,25,-992,  12;
29,-258,-42,-78,1,-15,25,-992,  13;
29,-260,-40,-80,3,-15,30,-993,  10;
29,-266,-35,-83,2,-14,28,-996,  11;
33,-263,-40,-85,4,-13,32,-1004,  13;
27,-263,-43,-83,5,-11,34,-1010,  13;
29,-266,-42,-79,7,-8,40,-1005,   8;
33,-264,-40,-72,6,-8,36,-1014,   5;
32,-263,-42,-64,7,-8,38,-1008,   7;
32,-264,-42,-60,9,-9,39,-1005,   2;
32,-266,-43,-56,9,-9,40,-1002,   2;
30,-264,-41,-54,11,-10,38,-1006,  -2;
30,-261,-37,-56,11,-14,39,-1001,   0;
32,-261,-37,-57,12,-13,40,-999,  -2;
30,-262,-44,-56,12,-13,41,-1004,   3;
31,-262,-37,-57,12,-15,33,-998,   4;
30,-261,-38,-57,15,-15,33,-1002,   5;
31,-259,-44,-58,15,-12,30,-997,  -5;
30,-260,-39,-61,15,-11,37,-1000,   3;
29,-259,-37,-62,14,-8,28,-999,   6;
29,-260,-39,-65,14,-6,26,-998,  10;
28,-259,-35,-68,10,-2,32,-997,  12;
28,-261,-37,-71,6,0,31,-996,  10;
24,-258,-36,-72,3,2,27,-998,  12;
28,-259,-39,-73,-1,4,22,-997,   9;
27,-259,-40,-75,-4,4,20,-994,   9;
27,-259,-41,-78,-6,6,25,-994,  10;
25,-259,-41,-79,-7,6,22,-995,   9;
29,-259,-42,-80,-8,6,27,-997,   4;
29,-260,-41,-80,-8,7,30,-997,   5;
27,-259,-42,-81,-8,7,27,-1001,   8;
29,-264,-40,-80,-10,6,32,-1000,   5;
32,-264,-40,-78,-8,6,32,-1004,   9;
31,-262,-37,-77,-7,5,29,-997,   6;
28,-262,-40,-74,-6,3,26,-997,   5;
27,-260,-39,-71,-6,4,35,-996,   3;
27,-258,-39,-71,-6,5,33,-990,  -1;
29,-259,-42,-71,-6,5,36,-994,  -7;
34,-260,-44,-71,-5,6,37,-995,  -9;
32,-261,-41,-76,-5,7,32,-997,   0;
30,-263,-44,-75,-4,6,36,-997,   2;
30,-264,-37,-75,-3,5,34,-1003,   2;
31,-262,-39,-72,-4,5,37,-1001,   3;
33,-259,-42,-69,-3,5,31,-1004,   2;
27,-263,-40,-67,-2,5,28,-1006,  -1;
27,-263,-41,-65,-4,6,36,-1008,  -1;
30,-265,-41,-63,-2,4,36,-1003,   0;
29,-264,-38,-60,-1,6,29,-1007,   5;
31,-261,-38,-56,-1,6,34,-1008,   0;
28,-263,-42,-55,0,4,34,-1003,   1;
32,-264,-45,-53,0,2,29,-1002,  -3;
30,-258,-40,-51,0,3,29,-997,  -2;
30,-259,-43,-49,0,3,29,-992,  -1;
28,-258,-46,-48,0,4,26,-992,   0;
27,-259,-39,-48,1,4,26,-999,   5;
27,-257,-41,-48,2,4,23,-994,   1;
28,-261,-38,-48,2,4,25,-993,   0;
27,-258,-41,-48,3,5,17,-1000,   3;
28,-263,-39,-47,4,7,25,-996,   2;
30,-261,-39,-46,6,8,23,-998,   5;
26,-259,-40,-46,6,10,22,-1003,  10;
25,-261,-41,-45,6,11,29,-1005,   7;
29,-260,-41,-43,6,12,26,-1000,   7;
27,-259,-37,-41,6,15,31,-1004,  14;
29,-264,-38,-39,6,15,30,-1004,  11;
26,-262,-37,-40,6,15,27,-1005,   3;
27,-263,-40,-38,4,15,28,-1004,  11;
30,-262,-40,-34,3,15,24,-1013,   7;
27,-263,-39,-32,1,15,28,-1004,   9;
28,-263,-43,-27,0,15,24,-1004,   8;
29,-261,-40,-25,0,14,21,-1005,  11;
24,-260,-40,-25,-2,14,17,-1006,   7;
24,-261,-40,-25,-2,15,17,-1004,   7;
28,-262,-36,-24,-4,13,13,-996,   4;
25,-261,-38,-24,-2,14,15,-1000,   2;
24,-261,-37,-25,-3,13,11,-996,  10;
22,-265,-40,-25,-2,16,16,-998,   2;
27,-258,-40,-28,-1,16,21,-999,   4;
23,-260,-42,-29,0,15,23,-999,   9;
27,-262,-40,-34,-1,14,28,-998,   6;
28,-264,-39,-35,-2,11,27,-999,  10;
27,-265,-39,-37,-3,11,28,-1002,  13;
30,-262,-39,-40,-4,9,31,-1003,  16;
29,-262,-39,-40,-4,7,31,-1008,  14;
29,-263,-38,-44,-5,6,34,-1004,  10;
29,-261,-38,-44,-6,6,33,-1004,  10;
27,-262,-38,-45,-8,4,25,-1007,   9;
27,-262,-39,-45,-11,3,32,-1007,  11;
27,-264,-40,-45,-11,2,21,-1007,   6;
24,-261,-37,-44,-13,3,26,-1006,   6;
28,-263,-41,-43,-15,3,22,-1007,   6;
28,-264,-40,-43,-17,1,23,-1006,   3;
26,-262,-43,-43,-19,1,22,-1002,   2;
25,-260,-44,-44,-20,2,18,-999,   1;
26,-263,-44,-44,-21,1,20,-1002,   3;
26,-258,-43,-45,-22,2,22,-994,   0;
27,-263,-45,-48,-23,2,17,-995,   1;
27,-259,-43,-49,-25,3,17,-998,  -8;
29,-257,-36,-51,-26,3,20,-994,  -7;
28,-260,-42,-53,-25,4,19,-990,  -7;
28,-261,-44,-54,-24,4,25,-992, -11;
29,-260,-44,-55,-24,3,29,-996, -12;
30,-258,-45,-58,-23,3,28,-993, -13;
25,-259,-48,-58,-21,2,26,-997, -13;
30,-264,-45,-60,-19,2,27,-998, -12;
32,-262,-42,-62,-18,0,30,-1000,  -5;
25,-261,-43,-63,-16,1,33,-1003,  -8;
30,-262,-38,-59,-16,0,38,-1004,  -7;
32,-266,-41,-54,-15,-2,34,-1002,  -5;
29,-259,-44,-50,-14,0,37,-1000,  -7;
33,-263,-44,-47,-14,-1,30,-1001,  -2;
29,-260,-40,-44,-14,0,36,-999,  -2;
29,-259,-42,-43,-16,1,31,-994,  -3;
27,-257,-43,-42,-17,1,29,-1003, -13;
27,-261,-44,-42,-19,2,26,-1000,  -6;
26,-263,-43,-43,-19,2,26,-999, -11;
26,-261,-45,-45,-20,3,24,-1001,  -8;
27,-260,-36,-43,-22,5,24,-1001,  -4;
28,-261,-45,-42,-21,4,20,-998,  -9;
21,-260,-41,-40,-21,5,23,-997,   0;
29,-263,-43,-37,-20,3,25,-993,   3;
28,-262,-40,-36,-20,4,22,-994,  -4;
27,-261,-44,-36,-20,4,20,-996,  -7;
25,-259,-41,-36,-19,4,26,-999,  -8;
30,-263,-41,-35,-19,4,25,-998,  -3;
29,-262,-48,-33,-21,4,26,-1004,  -4;
29,-263,-44,-33,-21,6,29,-1003,  -5;
30,-263,-45,-31,-21,6,26,-1007,  -4;
28,-260,-46,-28,-20,6,31,-1004, -10;
30,-263,-42,-24,-19,5,30,-998,  -7;
28,-260,-45,-21,-17,3,32,-998,  -7;
29,-259,-41,-20,-16,4,22,-994,  -5;
29,-261,-40,-21,-12,4,30,-992,   1;
31,-260,-43,-20,-9,3,24,-995,   0;
29,-261,-41,-19,-7,3,27,-993,   2;
28,-261,-42,-15,-4,4,30,-1003,   2;
32,-259,-42,-15,-2,6,30,-995,   3;
29,-257,-41,-13,-2,7,24,-995,  -2;
26,-259,-45,-13,0,10,30,-988,   2;
29,-258,-44,-14,2,12,31,-986,  -5;
25,-256,-40,-15,2,14,26,-981,  -4;
26,-256,-47,-21,0,17,26,-978,  -6;
28,-256,-45,-26,2,20,22,-971,  -8;
28,-255,-42,-29,1,25,26,-978, -10;
24,-252,-44,-31,2,27,27,-965,  -5;
30,-254,-43,-36,2,28,29,-976, -12;
29,-258,-44,-39,1,32,33,-975,  -8;
29,-257,-44,-42,3,32,31,-981,  -1;
27,-256,-40,-43,2,31,34,-988,  -3;
28,-256,-41,-44,3,31,34,-993,   1;
31,-260,-36,-42,1,31,31,-1000,   4;
28,-261,-39,-40,0,30,32,-1003,  10;
29,-261,-44,-38,-3,28,30,-1002,   8;
28,-261,-45,-37,-4,25,30,-999,   9;
26,-259,-40,-34,-8,24,22,-996,   0;
26,-259,-38,-35,-11,23,18,-992,  -1;
26,-258,-43,-36,-16,21,15,-993,   3;
24,-259,-41,-38,-21,20,6,-995,  -3;
21,-260,-46,-41,-22,19,8,-998,  -3;
25,-260,-44,-45,-24,18,10,-996,  -8;
23,-258,-42,-46,-25,16,13,-991,  -4;
26,-257,-41,-52,-23,13,10,-982,  -8;
32,-257,-50,-55,-23,11,15,-984,  -8;
21,-255,-46,-59,-21,13,14,-981,  -8;
28,-254,-41,-67,-20,12,22,-970, -11;
28,-251,-43,-72,-18,13,21,-970, -19;
28,-253,-45,-79,-16,13,20,-965,  -8;
24,-253,-44,-84,-16,13,28,-970, -13;
25,-252,-42,-89,-14,13,27,-963, -11;
28,-252,-46,-95,-14,13,20,-964, -11;
26,-254,-47,-99,-14,15,20,-966, -14;
27,-256,-45,-102,-14,15,24,-965, -13;
28,-252,-48,-108,-15,16,30,-969, -17;
24,-241,-60,-114,-14,15,28,-971, -14;
27,-255,-46,-120,-14,13,25,-969, -19;
24,-254,-47,-123,-17,12,15,-975, -14;
25,-255,-46,-127,-22,10,16,-982, -16;
24,-257,-44,-130,-26,9,14,-982, -17;
28,-255,-47,-134,-30,6,12,-976, -17;
27,-256,-46,-135,-30,2,17,-968, -11;
29,-254,-46,-132,-32,0,25,-971, -11;
28,-254,-44,-132,-34,-1,24,-970, -12;
26,-256,-43,-138,-33,-4,15,-982, -17;
26,-256,-47,-147,-32,-4,24,-972, -18;
29,-250,-55,-158,-33,-7,15,-969, -21;
25,-256,-49,-163,-35,-8,12,-970, -26;
22,-255,-48,-170,-36,-6,6,-974, -32;
25,-256,-51,-177,-37,-5,5,-974, -28;
26,-257,-49,-183,-38,-2,5,-984, -21;
20,-257,-44,-185,-40,0,2,-987, -19;
21,-260,-44,-184,-40,5,-4,-994, -16;
22,-259,-44,-185,-39,9,1,-993,  -9;
23,-261,-44,-185,-32,14,7,-996,  -4;
26,-259,-45,-185,-25,19,12,-990,  -4;
24,-265,-29,-185,-15,21,25,-983,  -6;
30,-255,-45,-189,-4,24,37,-979,  -6;
29,-254,-45,-195,7,27,39,-967,  -6;
32,-253,-45,-203,15,26,46,-965,  -1;
32,-253,-42,-212,19,27,47,-968,  -4;
32,-256,-43,-221,24,27,42,-971,  -3;
31,-257,-44,-232,28,28,42,-971, -11;
30,-258,-45,-242,31,29,41,-983, -15;
29,-260,-43,-249,34,31,30,-994, -17;
22,-263,-48,-255,35,35,19,-1005, -16;
21,-264,-47,-255,35,39,11,-1017, -21;
24,-260,-49,-254,30,41,0,-1015, -25;
17,-265,-50,-252,28,46,-7,-1018, -25;
19,-268,-50,-249,25,51,-12,-1018, -31;
22,-267,-44,-247,23,56,-7,-1013, -28;
18,-264,-48,-243,19,60,-7,-1013, -26;
19,-264,-47,-237,14,63,0,-1010, -25;
18,-263,-45,-231,8,66,-1,-1010, -16;
16,-266,-48,-222,4,69,-5,-1012, -23;
16,-260,-51,-217,-1,72,-2,-1011, -30;
19,-262,-51,-220,-6,75,2,-1007, -39;
20,-260,-53,-217,-9,76,3,-999, -43;
22,-260,-51,-219,-12,77,6,-995, -47;
26,-260,-54,-216,-16,76,7,-992, -42;
19,-257,-50,-212,-18,74,6,-990, -40;
21,-258,-50,-210,-18,72,6,-987, -41;
23,-260,-53,-207,-19,70,10,-987, -45;
22,-258,-56,-204,-20,66,13,-993, -49;
21,-259,-55,-205,-21,61,-1,-989, -53;
21,-257,-52,-205,-23,55,0,-981, -57;
20,-254,-61,-209,-27,47,-3,-978, -63;
19,-255,-57,-209,-29,44,-6,-975, -69;
19,-255,-56,-210,-30,39,-13,-969, -71;
15,-254,-58,-208,-28,34,-5,-964, -62;
19,-254,-60,-205,-27,28,-8,-961, -60;
17,-256,-59,-201,-26,25,-17,-965, -61;
17,-255,-56,-200,-24,21,-9,-961, -55;
17,-254,-56,-202,-23,19,-12,-966, -63;
17,-255,-51,-204,-23,17,-6,-962, -64;
19,-256,-56,-207,-23,16,-14,-967, -57;
18,-255,-58,-206,-21,16,-13,-966, -57;
20,-255,-54,-205,-20,16,-7,-972, -50;
19,-255,-57,-202,-19,18,0,-975, -47;
23,-257,-58,-203,-16,19,-3,-968, -54;
20,-254,-58,-203,-12,16,-3,-970, -57;
22,-256,-57,-207,-9,15,3,-968, -62;
21,-254,-60,-207,-5,13,12,-963, -64;
27,-253,-58,-211,-4,8,10,-965, -60;
26,-255,-57,-209,-2,6,16,-962, -61;
26,-255,-56,-204,-1,0,22,-966, -60;
25,-251,-53,-198,-2,-2,14,-974, -56;
23,-257,-61,-192,-6,-8,13,-978, -62;
24,-259,-59,-187,-9,-16,15,-987, -64;
23,-258,-59,-181,-14,-24,14,-989, -75;
25,-261,-61,-174,-21,-32,18,-996, -71;
25,-260,-58,-162,-27,-43,7,-1004, -66;
22,-265,-58,-148,-30,-52,3,-1009, -66;
21,-265,-57,-139,-33,-62,1,-1011, -70;
21,-262,-61,-130,-34,-73,1,-1011, -79;
15,-258,-62,-127,-34,-82,3,-1001, -83;
21,-259,-66,-122,-34,-90,5,-988, -85;
23,-259,-64,-119,-34,-102,8,-980, -81;
25,-256,-64,-114,-30,-106,11,-971, -83;
25,-255,-60,-110,-24,-112,13,-968, -74;
28,-256,-63,-105,-16,-112,22,-968, -68;
27,-257,-59,-103,-8,-115,23,-968, -65;
29,-257,-53,-102,1,-114,23,-977, -61;
31,-257,-57,-102,7,-113,33,-984, -61;
28,-258,-57,-109,12,-110,31,-981, -63;
26,-255,-61,-116,17,-107,23,-988, -61;
25,-258,-60,-121,19,-100,17,-991, -66;
25,-258,-61,-127,21,-90,16,-987, -69;
22,-256,-64,-134,23,-86,11,-984, -80;
14,-259,-72,-141,21,-81,5,-968, -96;
30,-246,-51,-150,17,-78,3,-963,-102;
26,-253,-79,-160,12,-75,-5,-955,-108;
19,-235,-115,-173,7,-70,-9,-946,-115;
24,-258,-80,-185,3,-68,-13,-946,-121;
18,-249,-74,-193,0,-67,-13,-940,-124;
22,-251,-73,-200,-2,-69,1,-941,-128;
21,-248,-64,-204,-1,-70,8,-939,-124;
28,-252,-66,-209,0,-74,5,-944,-122;
15,-238,-73,-213,-3,-76,15,-948,-113;
23,-255,-62,-214,-9,-78,9,-950,-116;
25,-240,-88,-218,-15,-76,15,-950,-112;
20,-241,-74,-223,-22,-74,18,-954,-112;
31,-252,-68,-227,-29,-71,16,-954,-112;
25,-251,-72,-233,-36,-68,7,-954,-109;
24,-250,-69,-241,-41,-62,10,-955,-112;
22,-250,-67,-245,-45,-55,11,-952,-108;
26,-252,-73,-246,-47,-48,12,-950,-111;
24,-252,-69,-248,-46,-40,17,-948,-122;
26,-249,-68,-251,-45,-35,17,-948,-124;
28,-249,-74,-256,-41,-31,21,-935,-128;
27,-245,-73,-258,-38,-28,26,-936,-129;
31,-247,-71,-262,-36,-29,24,-937,-134;
28,-246,-76,-268,-36,-28,17,-938,-134;
25,-244,-79,-277,-35,-30,18,-934,-147;
27,-246,-77,-284,-36,-31,14,-930,-148;
27,-243,-78,-294,-36,-30,15,-922,-149;
25,-243,-77,-301,-36,-27,20,-924,-150;
28,-244,-77,-306,-33,-24,21,-932,-151;
29,-246,-81,-306,-32,-23,32,-936,-152;
29,-245,-76,-308,-31,-25,28,-938,-149;
36,-252,-77,-310,-29,-28,32,-942,-146;
31,-250,-75,-308,-29,-33,43,-946,-145;
33,-249,-75,-311,-27,-38,45,-946,-141;
32,-247,-79,-311,-29,-41,38,-942,-149;
33,-245,-80,-313,-33,-43,49,-940,-148;
30,-248,-75,-318,-35,-44,46,-936,-148;
30,-246,-79,-322,-38,-41,32,-938,-147;
30,-248,-75,-323,-44,-39,24,-934,-146;
24,-246,-75,-323,-49,-33,15,-936,-143;
22,-247,-78,-327,-54,-27,6,-940,-147;
22,-247,-74,-331,-59,-19,3,-934,-142;
23,-248,-75,-332,-64,-11,2,-940,-142;
20,-247,-73,-329,-69,-3,4,-945,-140;
20,-247,-75,-323,-73,4,9,-945,-134;
24,-249,-77,-317,-72,9,10,-947,-141;
25,-247,-77,-310,-70,15,14,-947,-140;
23,-252,-74,-304,-67,20,9,-948,-143;
15,-249,-72,-296,-67,26,16,-950,-139;
28,-248,-78,-288,-65,25,28,-944,-149;
32,-251,-76,-285,-62,25,36,-944,-154;
30,-251,-77,-283,-57,24,44,-953,-150;
33,-250,-81,-283,-54,23,38,-955,-152;
35,-253,-81,-280,-49,19,49,-962,-155;
34,-256,-82,-277,-45,14,54,-969,-160;
37,-256,-77,-272,-39,11,53,-975,-150;
31,-258,-79,-267,-35,7,42,-983,-148;
36,-260,-75,-260,-32,4,44,-984,-146;
31,-257,-75,-250,-26,1,43,-983,-148;
31,-258,-77,-240,-20,-2,38,-982,-149;
31,-255,-82,-231,-11,-2,41,-978,-148;
32,-254,-75,-226,1,-3,47,-969,-152;
33,-252,-79,-224,13,-6,48,-961,-158;
32,-251,-80,-223,28,-8,45,-961,-153;
32,-250,-80,-226,38,-8,51,-964,-152;
35,-252,-79,-234,48,-11,58,-957,-150;
36,-254,-75,-242,54,-14,55,-966,-145;
31,-255,-75,-251,58,-16,46,-974,-133;
34,-257,-74,-256,60,-16,43,-987,-127;
30,-260,-71,-256,60,-18,42,-991,-131;
37,-260,-84,-255,61,-19,37,-1001,-137;
28,-266,-75,-256,59,-18,27,-1005,-140;
30,-269,-75,-255,60,-18,22,-1012,-143;
24,-263,-72,-252,61,-17,16,-1013,-148;
26,-266,-81,-245,64,-16,11,-1013,-159;
23,-263,-80,-237,65,-14,0,-1008,-166;
22,-265,-81,-230,69,-10,4,-1010,-167;
25,-263,-81,-221,72,-6,6,-1014,-173;
22,-262,-81,-214,77,-2,2,-1006,-170;
24,-264,-82,-209,80,5,6,-1011,-172;
22,-266,-82,-208,84,9,5,-1006,-168;
20,-267,-84,-208,87,13,-1,-1010,-169;
23,-266,-80,-208,90,18,3,-1013,-174;
25,-267,-84,-208,89,18,5,-1016,-169;
23,-268,-81,-206,89,19,6,-1019,-174;
25,-265,-82,-205,91,22,13,-1013,-173;
31,-265,-89,-201,93,21,33,-1022,-179;
30,-267,-87,-202,99,17,33,-1022,-181;
33,-264,-84,-199,101,17,39,-1016,-177;
30,-266,-84,-196,104,15,38,-1010,-181;
35,-267,-88,-192,105,14,45,-1005,-187;
41,-266,-76,-193,106,9,54,-1011,-194;
34,-265,-89,-191,102,4,56,-1006,-199;
37,-268,-88,-192,98,-2,54,-1010,-206;
34,-262,-89,-192,91,-9,53,-1004,-201;
35,-265,-87,-189,89,-17,48,-1005,-197;
33,-265,-93,-186,85,-24,38,-1002,-197;
30,-257,-94,-178,81,-28,33,-992,-203;
28,-256,-93,-172,80,-31,35,-984,-197;
28,-257,-89,-173,81,-34,24,-973,-203;
29,-259,-90,-175,85,-35,30,-976,-205;
30,-257,-95,-183,90,-35,31,-980,-204;
31,-257,-90,-191,95,-34,28,-977,-203;
33,-259,-96,-198,101,-33,30,-978,-215;
29,-258,-95,-201,105,-29,29,-985,-227;
32,-257,-97,-203,107,-29,41,-988,-239;
32,-260,-99,-201,111,-27,33,-989,-234;
28,-258,-100,-194,110,-23,38,-989,-241;
32,-260,-99,-182,109,-20,38,-994,-236;
34,-261,-98,-168,104,-18,42,-993,-234;
31,-260,-96,-153,95,-12,42,-993,-229;
30,-257,-94,-138,79,-5,37,-987,-235;
34,-259,-101,-127,64,-1,45,-984,-237;
26,-259,-105,-117,49,1,45,-987,-233;
31,-258,-98,-112,31,1,40,-979,-240;
31,-255,-97,-107,18,1,29,-972,-241;
27,-254,-102,-105,5,-3,22,-962,-246;
25,-253,-103,-107,-6,-9,21,-957,-248;
27,-252,-103,-115,-16,-13,11,-948,-245;
22,-246,-103,-124,-26,-18,11,-943,-239;
30,-248,-97,-135,-32,-22,22,-942,-239;
25,-245,-97,-145,-37,-28,23,-935,-237;
24,-243,-100,-151,-43,-30,15,-937,-242;
21,-250,-105,-153,-51,-30,3,-941,-244;
23,-249,-100,-155,-58,-31,8,-938,-247;
22,-252,-104,-156,-65,-31,-8,-941,-247;
23,-253,-105,-154,-74,-31,0,-953,-247;
22,-254,-99,-151,-80,-30,-2,-957,-253;
21,-254,-101,-150,-84,-30,-3,-968,-252;
19,-259,-104,-144,-86,-31,-6,-972,-246;
23,-254,-99,-137,-86,-30,4,-978,-235;
23,-258,-102,-128,-86,-31,14,-981,-235;
29,-255,-100,-118,-83,-31,22,-977,-235;
28,-256,-102,-109,-81,-33,43,-968,-236;
28,-251,-104,-108,-75,-37,46,-966,-233;
35,-256,-102,-106,-68,-45,53,-963,-240;
34,-255,-104,-107,-62,-53,54,-962,-244;
39,-251,-101,-106,-57,-57,64,-954,-249;
35,-252,-102,-102,-53,-64,53,-952,-246;
34,-251,-100,-99,-49,-68,49,-954,-253;
38,-250,-103,-93,-46,-67,62,-945,-249;
32,-253,-105,-81,-43,-63,52,-959,-258;
38,-252,-102,-76,-43,-57,57,-958,-254;
34,-255,-109,-67,-42,-51,54,-964,-255;
33,-254,-105,-57,-40,-49,52,-960,-261;
35,-253,-105,-45,-38,-46,55,-955,-262;
34,-251,-105,-37,-35,-47,48,-951,-259;
35,-250,-105,-31,-33,-48,46,-944,-258;
30,-247,-107,-24,-33,-51,35,-934,-263;
32,-245,-104,-18,-30,-54,42,-930,-262;
30,-245,-103,-18,-26,-55,33,-922,-266;
31,-244,-106,-19,-21,-56,33,-919,-259;
29,-242,-107,-21,-17,-57,29,-917,-267;
30,-242,-110,-27,-9,-58,28,-924,-268;
34,-245,-108,-33,-2,-56,34,-933,-261;
31,-251,-110,-36,5,-57,29,-942,-264;
35,-252,-103,-36,13,-57,36,-944,-256;
30,-251,-107,-30,20,-57,34,-951,-258;
31,-255,-101,-27,33,-57,36,-964,-249;
33,-256,-100,-18,40,-53,43,-961,-256;
35,-251,-104,-7,47,-51,44,-946,-254;
34,-247,-104,6,52,-53,42,-945,-263;
37,-253,-104,13,60,-50,56,-944,-257;
35,-247,-104,20,66,-45,60,-936,-256;
33,-247,-107,25,71,-42,40,-944,-268;
41,-253,-107,18,82,-28,65,-953,-257;
29,-252,-96,17,86,-20,60,-951,-267;
41,-249,-109,21,91,-12,72,-935,-266;
37,-241,-111,33,93,-9,66,-930,-283;
39,-249,-114,36,98,-2,72,-936,-281;
43,-245,-111,33,104,4,71,-929,-283;
35,-243,-114,34,107,2,62,-926,-286;
37,-244,-112,33,110,-2,61,-920,-275;
34,-241,-110,32,114,-8,55,-915,-283;
37,-248,-108,25,123,-9,59,-939,-274;
32,-252,-105,23,129,-10,35,-944,-263;
29,-249,-108,33,135,-18,40,-955,-275;
28,-258,-93,35,143,-19,22,-946,-257;
22,-254,-106,41,142,-21,5,-954,-260;
21,-253,-101,50,139,-19,-6,-960,-254;
19,-254,-106,59,134,-19,-6,-957,-258;
19,-254,-104,69,130,-19,-16,-961,-263;
15,-256,-101,78,129,-13,-12,-966,-251;
19,-258,-102,90,126,-13,-15,-978,-264;
18,-255,-101,99,122,-5,-13,-969,-247;
17,-255,-104,111,113,1,-12,-968,-257;
20,-254,-102,116,105,7,-11,-968,-254;
21,-254,-105,120,91,15,0,-958,-253;
17,-246,-111,126,77,15,6,-950,-264;
26,-251,-108,126,68,13,18,-943,-264;
32,-249,-109,123,57,10,32,-946,-272;
33,-246,-108,126,51,5,47,-937,-270;
35,-244,-114,133,44,-4,54,-930,-272;
37,-244,-105,140,42,-13,56,-926,-266;
36,-247,-105,144,38,-16,58,-936,-263;
30,-248,-110,144,31,-21,36,-938,-267;
31,-249,-108,142,23,-21,46,-956,-265;
29,-254,-109,136,11,-25,36,-958,-263;
25,-251,-110,136,-4,-32,29,-954,-270;
22,-254,-99,136,-16,-35,15,-956,-272;
27,-251,-111,140,-27,-35,14,-954,-271;
28,-250,-104,142,-37,-31,37,-955,-260;
27,-252,-107,151,-46,-33,21,-959,-259;
28,-255,-104,156,-55,-32,28,-963,-252;
29,-254,-102,163,-65,-32,19,-971,-251;
30,-257,-108,166,-77,-30,24,-970,-254;
30,-258,-108,169,-90,-30,33,-971,-253;
28,-257,-109,179,-102,-31,28,-968,-262;
30,-257,-105,195,-115,-29,37,-968,-256;
29,-255,-104,216,-129,-32,34,-969,-257;
26,-255,-112,234,-143,-31,35,-968,-252;
27,-253,-100,250,-157,-30,23,-958,-249;
30,-250,-106,262,-170,-30,34,-946,-245;
27,-252,-102,274,-184,-33,27,-948,-243;
31,-250,-99,286,-196,-33,31,-943,-238;
29,-247,-98,297,-212,-35,32,-936,-234;
26,-245,-96,304,-229,-33,31,-935,-230;
32,-246,-98,312,-246,-35,34,-934,-222;
25,-246,-97,318,-263,-39,19,-934,-225;
27,-246,-93,324,-281,-37,32,-938,-216;
26,-247,-91,333,-299,-36,23,-937,-217;
24,-246,-91,343,-317,-32,18,-938,-199;
24,-248,-88,354,-335,-24,17,-937,-198;
20,-247,-91,368,-352,-13,7,-941,-198;
25,-248,-90,380,-368,-1,13,-935,-195;
25,-246,-89,390,-387,8,9,-932,-191;
23,-244,-89,403,-405,15,10,-924,-193;
29,-247,-85,415,-416,23,26,-931,-180;
24,-245,-84,430,-428,24,14,-928,-173;
27,-244,-80,447,-439,27,26,-925,-166;
28,-240,-82,462,-449,27,36,-921,-166;
30,-240,-82,481,-453,30,37,-915,-168;
33,-237,-83,501,-450,27,37,-904,-174;
36,-239,-86,517,-440,29,53,-893,-175;
34,-231,-86,529,-426,27,50,-872,-180;
40,-233,-87,538,-408,22,75,-879,-182;
38,-234,-88,549,-389,15,76,-884,-186;
44,-236,-89,558,-374,6,77,-893,-186;
45,-237,-85,565,-359,-2,74,-888,-180;
41,-239,-86,575,-342,-7,73,-908,-175;
40,-239,-87,588,-325,-10,62,-906,-177;
39,-240,-81,603,-305,-13,60,-910,-175;
37,-242,-81,613,-283,-12,59,-911,-168;
37,-239,-82,627,-261,-10,51,-912,-168;
35,-243,-84,641,-237,-8,45,-919,-152;
34,-244,-80,662,-212,-5,36,-924,-151;
31,-243,-76,687,-188,-1,27,-923,-146;
27,-244,-75,714,-169,2,18,-925,-149;
27,-246,-77,738,-150,5,12,-927,-158;
25,-248,-80,764,-130,9,12,-929,-149;
22,-246,-77,790,-113,14,9,-934,-150;
20,-245,-76,813,-97,19,1,-923,-142;
19,-243,-75,839,-81,24,-3,-924,-143;
20,-239,-78,863,-67,30,0,-912,-147;
23,-240,-82,887,-50,35,0,-913,-152;
22,-237,-79,907,-33,42,1,-909,-148;
22,-234,-80,930,-17,46,3,-888,-147;
26,-235,-78,949,-1,56,9,-888,-148;
28,-234,-82,965,10,60,28,-877,-153;
35,-232,-74,977,28,62,38,-878,-153;
31,-228,-77,985,45,58,42,-860,-150;
33,-227,-80,991,60,56,43,-867,-149;
34,-229,-78,993,78,58,36,-851,-148;
33,-225,-79,994,98,64,34,-851,-139;
32,-227,-78,995,122,68,26,-853,-146;
31,-224,-75,997,149,74,30,-855,-139;
33,-226,-74,1002,175,80,32,-856,-142;
28,-222,-76,1004,200,84,29,-848,-128;
28,-221,-72,1013,218,86,21,-840,-131;
25,-221,-72,1031,241,84,17,-830,-131;
27,-219,-70,1048,261,80,4,-826,-124;
27,-218,-69,1063,281,75,7,-830,-127;
29,-234,-78,1075,304,67,-5,-829,-116;
20,-223,-63,1090,324,61,-12,-840,-103;
25,-210,-82,1109,346,55,-22,-826,-103;
14,-232,-78,1124,368,49,-24,-819,-105;
10,-217,-52,1129,391,37,-26,-819,-105;
7,-217,-74,1129,420,27,-24,-814, -96;
24,-217,-67,1126,447,24,-22,-819, -83;
16,-218,-59,1124,469,21,-20,-820, -75;
29,-229,-50,1131,485,18,-12,-824, -60;
19,-213,-52,1148,503,10,-18,-821, -61;
36,-208,-76,1166,515,4,0,-812, -59;
18,-225,-64,1188,528,-8,-2,-808, -51;
1,-206,-48,1205,542,-18,6,-810, -43;
29,-221,-64,1223,552,-24,5,-806, -27;
7,-213,-51,1241,560,-33,-15,-803, -17;
17,-215,-45,1264,564,-37,4,-801, -17;
14,-204,-39,1290,572,-43,-20,-782, -10;
8,-197,-29,1322,577,-43,-35,-750,  11;
10,-190,-41,1354,579,-42,-35,-730,   8;
17,-196,-53,1384,580,-46,-38,-713,  23;
18,-189,-29,1413,578,-50,-32,-707,  39;
22,-182,-28,1438,575,-52,-50,-712,  54;
3,-186,-24,1460,567,-55,-62,-719,  69;
9,-194,4,1477,561,-61,-60,-735,  97;
0,-184,-26,1496,561,-74,-49,-757, 121;
8,-200,-36,1521,565,-81,-54,-766, 134;
2,-210,-6,1550,579,-90,-47,-768, 158;
15,-185,-1,1587,593,-95,-30,-761, 178;
33,-215,7,1627,611,-98,-20,-760, 197;
21,-198,13,1670,625,-102,-2,-772, 203;
25,-201,12,1706,634,-103,27,-775, 214;
31,-207,10,1741,636,-96,34,-781, 222;
34,-208,17,1777,638,-86,30,-768, 230;
28,-201,22,1808,637,-72,44,-756, 251;
27,-205,22,1838,632,-62,51,-755, 255;
35,-200,25,1850,630,-52,41,-767, 274;
29,-207,36,1853,632,-46,24,-780, 288;
20,-203,34,1853,635,-34,6,-787, 301;
11,-196,14,1851,638,-15,-7,-771, 310;
12,-193,35,1835,636,5,-28,-738, 297;
11,-187,30,1796,633,22,-32,-723, 289;
12,-185,34,1748,627,34,-30,-712, 290;
14,-188,27,1689,615,42,-32,-720, 282;
12,-188,33,1631,598,51,-23,-720, 292;
15,-192,29,1601,579,64,-26,-718, 292;
10,-181,31,1584,557,79,-30,-682, 293;
12,-172,34,1566,521,103,-34,-647, 290;
14,-157,33,1526,475,126,-26,-603, 290;
23,-169,35,1449,413,149,-26,-620, 293;
11,-175,37,1353,349,176,-25,-684, 312;
10,-190,43,1261,284,201,-33,-719, 341;
3,-201,50,1197,222,223,-50,-761, 361;
12,-202,58,1171,166,230,-27,-771, 384;
11,-196,59,1177,123,227,-29,-756, 396;
3,-191,48,1184,81,208,-72,-727, 354;
4,-192,47,1157,26,176,-63,-733, 350;
1,-201,48,1114,-13,129,-67,-772, 359;
5,-218,60,1078,-52,87,-55,-832, 393;
9,-235,63,1074,-78,57,-40,-894, 408;
6,-246,64,1098,-104,34,-49,-924, 421;
13,-241,63,1118,-136,4,-22,-922, 416;
25,-262,73,1142,-153,-35,18,-1000, 456;
34,-315,92,1222,-138,-78,46,-1171, 506;
45,-382,115,1400,-100,-101,87,-1409, 606;
54,-432,137,1696,-42,-105,98,-1609, 702;
51,-457,156,2044,31,-95,107,-1736, 778;
55,-468,173,2341,93,-64,128,-1786, 846;
63,-475,160,2585,142,-37,138,-1808, 804;
81,-492,155,2766,224,-23,205,-1884, 784;
83,-522,175,2925,348,-2,234,-1979, 835;
97,-563,216,3145,447,30,283,-2133, 978;
108,-582,272,3443,535,17,319,-2223,1215;
89,-592,326,3750,626,-7,279,-2266,1487;
66,-597,388,4014,705,0,185,-2304,1733;
20,-600,465,4249,775,24,-36,-2304,2033;
-34,-583,518,4450,844,64,-204,-2286,2261;
-82,-575,569,4571,906,108,-389,-2239,2466;
-100,-532,584,4675,910,108,-454,-2050,2505;
-97,-443,573,4777,922,74,-449,-1699,2476;
-101,-328,560,4846,914,55,-446,-1270,2425;
-89,-205,520,4821,882,79,-412,-820,2256;
-100,-109,467,4708,828,124,-450,-456,2053;
-104,-42,379,4558,745,187,-461,-187,1703;
-92,10,291,4356,660,228,-431,20,1364;
-72,61,223,4154,618,254,-362,206,1091;
-43,100,200,3930,604,283,-244,369, 997;
-36,115,189,3725,567,333,-226,436, 949;
-23,116,166,3564,502,393,-153,435, 848;
-1,100,137,3414,437,416,-86,365, 736;
-6,65,126,3288,361,412,-109,262, 678;
-12,23,102,3245,296,409,-119,107, 591;
21,-11,94,3255,266,395,-12,-20, 554;
48,-52,119,3308,297,351,91,-165, 645;
56,-74,144,3385,348,315,135,-280, 758;
8,-80,181,3470,385,308,-32,-295, 888;
2,-81,189,3547,388,334,-78,-308, 930;
-35,-64,228,3569,383,345,-207,-240,1081;
-52,-41,262,3565,327,362,-272,-153,1231;
-58,-4,268,3534,243,403,-289,-32,1252;
-49,19,263,3473,169,463,-266,66,1226;
-48,46,258,3411,121,505,-258,158,1228;
-53,73,256,3354,78,526,-278,264,1214;
-53,112,243,3297,46,537,-279,414,1171;
-40,153,246,3216,41,543,-223,559,1180;
-28,196,236,3121,34,521,-198,722,1134;
-46,245,235,3010,15,494,-240,964,1139;
-41,294,220,2894,-17,467,-232,1150,1087;
-43,339,219,2752,-38,436,-232,1309,1059;
-26,375,211,2568,-60,389,-187,1467,1036;
-18,410,213,2365,-60,332,-160,1581,1051;
-31,435,225,2131,-48,269,-200,1646,1116;
-27,440,240,1874,-64,195,-187,1674,1168;
-25,434,239,1578,-72,102,-187,1626,1139;
-37,399,227,1252,-51,6,-243,1519,1107;
-61,352,223,967,-10,-79,-313,1320,1056;
-63,298,207,726,33,-149,-331,1099,1001;
-62,230,192,525,86,-210,-323,850, 937;
-54,167,186,364,136,-246,-290,615, 925;
-38,104,184,240,156,-249,-215,388, 909;
-11,53,175,161,164,-215,-120,192, 863;
3,3,167,127,171,-155,-52,32, 831;
17,-26,151,147,170,-78,-3,-89, 778;
20,-50,131,207,151,-5,3,-174, 699;
17,-61,122,278,118,61,2,-212, 662;
14,-62,115,369,64,111,-2,-211, 626;
10,-49,108,464,-8,134,-11,-157, 606;
3,-30,113,557,-89,144,-40,-102, 615;
8,-9,116,644,-188,137,-56,-13, 609;
16,16,115,694,-262,119,-3,67, 627;
20,42,112,708,-270,99,5,156, 625;
28,61,117,692,-246,83,13,234, 622;
35,73,109,660,-197,58,45,287, 612;
36,87,102,620,-112,17,46,332, 582;
36,95,95,581,9,-23,43,374, 549;
28,106,86,544,148,-69,14,414, 531;
14,113,85,505,274,-103,-24,432, 521;
8,113,79,460,364,-127,-56,458, 505;
7,121,85,415,431,-148,-52,473, 504;
-2,122,84,388,482,-163,-107,473, 512;
-7,123,94,365,513,-163,-135,483, 539;
-24,129,101,347,524,-162,-176,517, 581;
-43,135,108,338,510,-160,-235,537, 616;
-42,142,119,315,470,-152,-240,562, 657;
-50,149,126,278,427,-154,-270,588, 687;
-57,157,136,228,380,-152,-302,600, 729;
-64,152,156,161,329,-131,-323,595, 805;
-65,160,166,93,270,-110,-317,616, 833;
-60,165,168,24,217,-110,-313,630, 855;
-57,162,177,-62,187,-102,-293,626, 897;
-52,168,181,-156,163,-97,-278,637, 907;
-51,168,190,-245,137,-107,-278,640, 929;
-47,168,202,-336,112,-116,-266,647, 967;
-51,173,213,-427,82,-116,-258,649,1028;
-55,172,217,-506,41,-123,-279,670,1050;
-52,181,213,-585,-7,-133,-270,684,1055;
-49,178,216,-678,-43,-160,-256,675,1053;
-43,173,215,-761,-73,-190,-243,663,1038;
-32,168,214,-835,-86,-215,-198,638,1040;
-24,150,219,-896,-79,-228,-189,596,1045;
-13,138,227,-930,-63,-243,-144,557,1067;
-5,120,221,-924,-40,-252,-110,498,1067;
-7,115,221,-911,-11,-267,-104,462,1066;
5,99,228,-890,37,-276,-84,407,1094;
8,83,238,-864,85,-285,-59,340,1104;
6,73,235,-827,137,-309,-47,298,1139;
3,68,251,-795,197,-329,-58,259,1159;
4,58,261,-771,257,-341,-50,249,1189;
-1,62,257,-759,315,-343,-95,217,1199;
-8,58,259,-773,364,-333,-113,221,1221;
-10,56,256,-796,388,-327,-116,207,1215;
-14,57,267,-829,396,-324,-128,207,1223;
-19,52,259,-858,384,-322,-152,198,1223;
-21,49,263,-893,360,-325,-165,195,1236;
-27,55,261,-923,330,-329,-178,201,1222;
-28,59,256,-960,307,-335,-181,210,1201;
-23,56,249,-1002,295,-346,-176,217,1180;
-24,59,236,-1047,296,-359,-178,213,1154;
-31,60,223,-1104,303,-368,-181,196,1141;
-25,47,240,-1153,307,-381,-177,173,1129;
-22,36,233,-1191,313,-395,-166,142,1104;
-26,27,225,-1222,319,-416,-175,109,1076;
-23,12,220,-1244,335,-431,-180,62,1049;
-22,1,216,-1249,371,-450,-168,18,1031;
-18,-12,209,-1234,421,-467,-165,-19,1023;
-12,-20,214,-1186,474,-489,-142,-67,1024;
-13,-28,216,-1113,514,-512,-126,-80,1024;
-11,-26,211,-1042,538,-533,-124,-91,1014;
-11,-24,209,-980,549,-548,-116,-89,1026;
-8,-13,199,-932,539,-556,-116,-61,1015;
-3,-7,196,-909,521,-562,-105,-36, 978;
0,-1,199,-914,509,-568,-84,-7, 969;
2,0,198,-930,486,-576,-58,2, 970;
9,4,203,-936,448,-592,-59,26, 988;
9,18,197,-955,419,-620,-43,60, 968;
6,15,200,-978,428,-655,-46,69, 977;
-4,7,202,-973,451,-678,-79,49, 984;
-18,0,199,-951,459,-702,-133,16, 980;
-21,-2,193,-925,444,-732,-158,-15, 939;
-41,-12,193,-902,430,-767,-216,-29, 938;
-51,-19,183,-871,397,-790,-257,-46, 951;
-58,-19,195,-828,347,-811,-294,-63, 961;
-64,-22,193,-771,284,-838,-315,-74, 953;
-62,-23,195,-711,237,-870,-304,-72, 946;
-63,-23,192,-653,216,-917,-329,-65, 937;
-70,-21,183,-604,217,-965,-362,-69, 924;
-81,-20,179,-568,226,-1002,-375,-69, 907;
-92,-21,180,-536,229,-1024,-428,-66, 890;
-101,-26,182,-489,224,-1031,-467,-100, 906;
-104,-31,179,-441,208,-1035,-498,-107, 865;
-117,-31,185,-408,193,-1021,-516,-93, 899;
-113,-29,180,-370,163,-995,-511,-90, 903;
-111,-21,184,-337,125,-953,-502,-72, 903;
-118,-32,184,-309,70,-891,-521,-110, 910;
-131,-57,205,-279,-28,-802,-566,-192, 973;
-134,-86,212,-261,-144,-712,-597,-305,1020;
-123,-101,211,-192,-196,-637,-566,-365,1020;
-101,-85,194,-78,-118,-596,-495,-351, 944;
-103,-62,193,-37,10,-566,-469,-254, 943;
-122,-27,187,-30,62,-494,-536,-125, 936;
-125,0,172,-30,33,-372,-558,-10, 879;
-120,15,159,-50,-28,-262,-533,51, 809;
-100,21,159,-97,-67,-189,-484,71, 812;
-89,12,172,-139,-75,-150,-435,59, 855;
-76,11,185,-169,-65,-135,-383,42, 880;
-81,2,187,-181,-50,-136,-373,0, 921;
-72,-16,191,-184,-46,-134,-389,-49, 937;
-74,-31,203,-188,-45,-117,-379,-102, 990;
-71,-45,210,-184,-61,-104,-353,-145, 995;
-73,-49,208,-162,-97,-114,-364,-177, 986;
-73,-48,205,-161,-151,-153,-361,-182, 994;
-75,-56,202,-158,-203,-196,-373,-201, 999;
-78,-59,213,-149,-252,-227,-377,-223,1012;
-69,-72,215,-115,-286,-235,-343,-255,1041;
-57,-86,197,-53,-326,-230,-283,-326, 988;
-41,-102,174,-3,-358,-224,-236,-413, 878;
-41,-129,161,-47,-335,-208,-257,-524, 818;
-47,-158,191,-189,-249,-181,-265,-606, 916;
-45,-168,246,-244,-199,-168,-233,-608,1110;
-45,-141,278,-124,-264,-162,-214,-527,1280;
-62,-121,272,64,-467,-161,-273,-459,1271;
-66,-109,235,219,-710,-130,-307,-407,1127;
-74,-92,186,321,-883,-75,-360,-357, 942;
-73,-84,145,373,-947,-9,-382,-318, 786;
-70,-76,129,402,-910,54,-378,-279, 694;
-64,-70,120,440,-817,113,-344,-258, 665;
-54,-64,125,460,-728,147,-286,-236, 675;
-49,-60,134,453,-671,164,-272,-224, 700;
-51,-61,143,416,-635,184,-272,-239, 736;
-45,-73,166,360,-593,219,-255,-279, 812;
-30,-93,189,317,-542,254,-214,-351, 920;
-15,-113,212,319,-486,288,-156,-418,1006;
-5,-128,234,351,-433,313,-109,-476,1072;
3,-134,235,395,-390,329,-69,-511,1130;
15,-136,239,445,-349,339,-31,-520,1132;
20,-127,235,490,-304,341,-5,-496,1119;
22,-118,223,521,-262,335,8,-453,1084;
26,-104,215,548,-229,326,18,-396,1046;
26,-84,207,568,-204,316,9,-332,1010;
17,-66,201,583,-187,310,2,-254, 971;
12,-49,191,596,-181,307,-24,-186, 938;
6,-29,184,598,-177,308,-41,-115, 906;
1,-12,178,582,-174,312,-62,-42, 890;
-2,0,177,554,-177,313,-90,-3, 877;
-7,7,179,515,-181,308,-110,32, 881;
-7,12,183,474,-185,302,-117,52, 888;
-13,14,183,428,-188,291,-130,61, 901;
-15,17,184,368,-191,278,-124,70, 909;
-6,21,188,299,-190,271,-114,70, 919;
-2,19,190,220,-182,260,-97,70, 932;
1,15,201,137,-168,250,-77,58, 960;
3,13,197,59,-157,236,-59,46, 976;
7,8,204,-15,-143,224,-45,25, 994;
9,1,209,-80,-128,213,-32,10,1007;
16,-1,209,-135,-110,203,-16,-12,1020;
20,-11,209,-176,-87,190,5,-32,1029;
22,-15,215,-204,-61,173,21,-50,1045;
25,-19,222,-219,-36,155,19,-73,1051;
26,-27,224,-220,-11,134,25,-94,1053;
26,-26,223,-211,9,114,22,-102,1066;
27,-30,220,-194,22,92,23,-106,1075;
25,-30,224,-168,31,70,10,-103,1080;
24,-25,224,-137,33,47,7,-86,1072;
24,-25,224,-104,33,24,13,-79,1071;
24,-16,224,-70,30,4,13,-65,1063;
20,-12,221,-43,31,-20,8,-44,1063;
21,-6,211,-15,32,-37,9,-31,1042;
21,-6,215,2,36,-54,9,-11,1040;
22,1,212,15,43,-64,3,-4,1033;
20,4,212,24,51,-76,-8,17,1018;
14,5,211,28,61,-85,-23,25,1018;
12,11,206,25,69,-93,-31,41,1012;
7,14,207,19,73,-98,-40,58,1018;
5,16,206,14,74,-104,-54,72,1006;
2,17,206,10,74,-108,-69,74,1005;
0,19,203,4,74,-110,-85,80,1007;
-2,22,208,0,73,-112,-95,76,1007;
-6,19,207,-3,77,-113,-110,83,1002;
-13,23,203,-11,83,-111,-129,78,1003;
-14,16,204,-17,92,-112,-137,75,1007;
-14,20,206,-21,106,-109,-144,74,1005;
-16,20,206,-22,119,-106,-140,70,1006;
-20,19,209,-20,133,-103,-159,72,1012;
-23,15,210,-20,144,-98,-172,70,1015;
-30,17,210,-23,152,-89,-181,61,1014;
-33,14,211,-27,156,-81,-197,57,1022;
-34,13,214,-30,155,-74,-208,51,1028;
-35,9,215,-37,154,-68,-210,52,1033;
-37,8,217,-44,153,-63,-224,48,1033;
-40,11,215,-51,148,-57,-232,42,1039;
-42,12,216,-60,143,-52,-234,49,1037;
-38,13,216,-67,139,-46,-228,51,1037;
-39,9,216,-76,137,-42,-232,48,1035;
-45,8,215,-81,136,-36,-244,43,1036;
-44,6,214,-84,136,-30,-250,37,1035;
-48,6,215,-86,137,-21,-263,24,1032;
-45,5,214,-86,139,-14,-260,19,1021;
-45,2,208,-85,144,-4,-253,12,1020;
-53,0,211,-81,147,4,-270,7,1018;
-54,-2,209,-74,146,14,-289,-2,1015;
-58,-4,208,-65,140,27,-300,-3,1010;
-59,-4,204,-54,132,38,-303,-12,1003;
-59,-9,203,-45,123,51,-305,-15, 995;
-60,-5,203,-37,112,60,-304,-20, 978;
-58,-8,203,-30,103,70,-299,-22, 984;
-58,-7,196,-25,93,78,-292,-21, 981;
-55,-7,199,-23,83,85,-291,-29, 981;
-54,-11,198,-25,75,89,-283,-35, 975;
-53,-8,199,-30,66,91,-275,-38, 979;
-50,-11,202,-37,55,93,-273,-44, 983;
-51,-12,203,-44,45,95,-270,-50, 983;
-48,-15,198,-50,36,94,-269,-55, 996;
-45,-16,203,-56,26,94,-258,-59, 997;
-45,-20,201,-55,17,94,-242,-66, 989;
-42,-20,199,-49,7,93,-240,-66, 987;
-40,-22,200,-41,-1,91,-237,-74, 979;
-34,-21,198,-34,-10,86,-225,-69, 980;
-35,-24,203,-29,-19,84,-213,-72, 983;
-36,-21,199,-27,-28,78,-206,-79, 982;
-32,-25,200,-23,-38,72,-204,-83, 986;
-33,-23,204,-18,-50,67,-195,-85, 984;
-31,-23,201,-15,-60,60,-194,-81, 988;
-29,-22,204,-10,-69,51,-191,-83, 993;
-29,-23,206,-8,-78,43,-187,-87, 984;
-27,-24,203,-8,-84,34,-180,-83, 993;
-26,-21,204,-5,-89,27,-174,-80, 991;
-25,-23,200,-4,-92,19,-171,-81, 992;
-21,-23,206,-3,-94,10,-166,-82, 996;
-20,-25,208,-2,-97,2,-164,-83, 996;
-18,-19,207,2,-98,-6,-152,-76, 999;
-19,-19,205,3,-100,-14,-150,-76, 999;
-19,-19,204,4,-101,-19,-148,-69, 999;
-18,-20,206,6,-100,-25,-144,-66,1000;
-12,-22,206,9,-97,-29,-140,-61, 999;
-14,-19,204,11,-93,-32,-137,-61, 990;
-10,-17,201,13,-87,-35,-134,-57, 997;
-12,-17,200,16,-81,-37,-120,-51, 978;
-10,-16,203,19,-73,-38,-120,-55, 984;
-9,-15,204,21,-65,-38,-118,-51, 987;
-6,-16,201,22,-56,-36,-113,-50, 993;
-7,-14,206,24,-50,-35,-114,-48, 992;
-10,-13,202,27,-44,-33,-118,-48, 990;
-8,-15,206,29,-38,-30,-115,-47, 996;
-12,-14,203,32,-32,-29,-120,-40, 992;
-11,-9,203,35,-28,-24,-123,-41, 999;
-15,-8,203,36,-25,-22,-120,-30,1001;
-14,-6,207,36,-23,-18,-131,-31, 999;
-11,-9,211,37,-20,-15,-136,-28,1005;
-15,-5,206,34,-18,-11,-142,-27,1010;
-14,-11,212,32,-18,-9,-143,-23,1009;
-17,-6,208,25,-17,-7,-144,-17,1013;
-15,-3,208,21,-16,-5,-147,-18,1018;
-18,-2,211,17,-15,-5,-148,-16,1016;
-17,-3,209,10,-13,-3,-149,-14,1015;
-16,-1,211,5,-11,-1,-161,-8,1023;
-19,0,211,-3,-11,1,-154,-6,1013;
-21,-1,211,-10,-8,2,-163,-1,1015;
-23,0,210,-16,-5,3,-160,-1,1018;
-23,-2,212,-22,-3,1,-165,1,1020;
-21,-2,210,-28,1,0,-164,-1,1019;
-21,0,209,-35,3,0,-165,-4,1019;
-24,-2,211,-42,7,-2,-169,-3,1020;
-23,0,212,-44,11,-2,-166,-5,1023;
-28,-1,212,-48,14,-3,-172,0,1021;
-25,-2,211,-50,17,-2,-176,-3,1018;
-25,0,212,-48,19,-2,-181,-5,1015;
-23,-8,206,-46,20,-4,-186,-5,1023;
-28,-1,210,-41,20,-3,-181,-7,1010;
-26,-2,208,-38,22,-5,-176,-4,1009;
-25,-1,208,-34,24,-6,-173,-2,1014;
-24,-1,207,-29,26,-6,-174,-3,1010;
-25,-3,210,-28,28,-6,-167,4,1011;
-25,0,207,-26,28,-6,-173,-1,1010;
-24,0,208,-28,24,-6,-168,-2,1009;
-22,0,207,-30,20,-4,-175,1,1010;
-27,0,207,-31,13,-3,-182,1,1008;
-28,1,205,-36,7,-5,-180,6,1009;
-25,1,208,-38,1,-5,-180,2,1008;
-28,0,208,-41,-3,-4,-184,1,1010;
-25,0,208,-43,-4,-4,-184,3,1005;
-28,2,207,-44,-1,-5,-182,2,1006;
-26,0,207,-44,7,-4,-180,3,1007;
-25,-2,209,-45,15,-5,-176,-1,1005;
-23,-1,211,-44,22,-3,-170,-3,1009;
-22,-6,205,-42,28,-3,-167,-1,1011;
-24,-1,211,-41,32,-2,-168,-11,1014;
-21,-4,208,-41,33,-2,-168,-10,1011;
-21,-4,210,-37,35,-2,-162,-13,1011;
-23,-3,206,-37,32,-2,-164,-16,1010;
-18,-7,211,-35,30,-1,-161,-19,1011;
-21,-6,206,-33,27,-2,-166,-20,1007;
-22,-6,207,-31,24,0,-164,-21,1008;
-20,-7,206,-29,19,0,-165,-16,1006;
-21,-10,206,-27,15,0,-162,-19,1007;
-20,-8,205,-28,15,0,-160,-24,1002;
-19,-6,206,-28,14,1,-166,-22,1000;
-21,-7,206,-29,16,-1,-166,-22,1005;
-22,-6,206,-30,17,0,-163,-24,1002;
-22,-10,207,-31,19,-1,-168,-24, 999;
-24,-4,208,-33,21,-4,-168,-24,1002;
-25,-6,209,-37,20,-4,-167,-23,1004;
-24,-7,206,-39,18,-6,-167,-18,1002;
-24,-3,206,-42,13,-7,-168,-17,1009;
-26,-3,206,-47,7,-6,-170,-16,1008;
-25,-3,208,-52,2,-7,-173,-16,1010;
-22,-6,207,-56,-2,-8,-175,-13,1007;
-25,-5,204,-60,-3,-8,-171,-19,1011;
-25,-7,211,-64,-2,-8,-172,-19,1007;
-10,-1,200,-64,1,-7,-171,-24,1004;
-22,-9,206,-64,5,-7,-170,-28,1001;
-27,-8,203,-63,12,-7,-169,-30, 999;
-23,-10,206,-60,17,-7,-167,-35,1001;
-22,-12,211,-55,22,-7,-161,-37,1007;
-22,-12,211,-49,25,-7,-156,-38,1006;
-21,-13,205,-42,26,-4,-163,-35,1002;
-21,-9,208,-36,26,-3,-153,-34,1003;
-17,-11,205,-30,25,-1,-153,-35,1001;
-15,-13,205,-24,26,1,-151,-37,1001;
-15,-11,208,-20,27,1,-148,-35, 995;
-22,-8,194,-16,27,3,-147,-32,1000;
-17,-9,201,-13,28,3,-144,-31,1000;
-16,-11,205,-9,29,3,-147,-30, 998;
-19,-7,204,-6,27,0,-152,-30,1000;
-18,-9,205,-3,25,-2,-153,-29, 996;
-20,-9,202,-1,22,-2,-159,-26, 993;
-21,-6,204,0,17,-5,-162,-23, 992;
-23,-2,204,-1,13,-6,-164,-20, 997;
-22,-6,203,1,8,-7,-167,-15, 997;
-24,-2,204,1,3,-7,-166,-11,1001;
-25,-1,206,4,-3,-9,-172,-8,1003;
-29,3,211,6,-8,-11,-173,-7,1004;
-21,0,208,7,-11,-13,-172,-7, 999;
-22,-1,204,8,-11,-17,-167,-8,1001;
-21,-1,204,10,-9,-20,-167,-12, 997;
-25,-4,201,13,-5,-22,-165,-12, 996;
-22,-4,202,12,0,-24,-170,-21, 998;
-24,-2,205,13,5,-24,-165,-21,1001;
-22,-5,208,14,9,-24,-168,-18,1001;
-23,-1,207,13,10,-25,-167,-16,1006;
-22,-3,209,13,10,-25,-166,-18,1012;
-24,-3,210,12,12,-23,-165,-14,1017;
-21,0,214,11,12,-20,-170,-9,1015;
-21,-6,213,12,13,-18,-166,-11,1019;
-21,-1,213,16,11,-16,-162,-8,1019;
-22,0,213,19,12,-14,-166,-4,1009;
-21,-2,207,23,11,-12,-164,5,1011;
-24,0,211,24,8,-11,-165,-1,1014;
-20,-2,205,22,3,-9,-163,-2,1012;
-18,0,207,19,1,-8,-160,4,1011;
-19,0,212,13,-3,-6,-165,2,1012;
-22,2,209,7,-7,-5,-162,11,1013;
-23,1,213,-2,-10,-4,-165,12,1014;
-24,1,210,-10,-13,-4,-164,13,1011;
-22,1,209,-20,-14,-5,-169,12,1016;
-22,1,210,-29,-14,-7,-169,15,1016;
-22,1,211,-35,-10,-6,-170,13,1014;
-22,1,211,-43,-6,-7,-170,13,1012;
-20,2,211,-48,0,-5,-166,14,1014;
-23,0,209,-48,4,-7,-162,9,1013;
-23,3,211,-47,9,-6,-165,4,1004;
-21,-1,207,-44,12,-7,-164,0,1006;
-20,-1,210,-41,12,-7,-164,-5,1010;
-21,0,207,-38,13,-5,-163,0,1010;
-20,0,207,-35,12,-5,-159,-1,1005;
-21,0,207,-33,11,-4,-156,-2,1010;
-20,-3,205,-32,9,-3,-160,3,1010;
-19,-1,208,-31,9,-4,-164,1,1007;
-22,1,204,-32,7,-2,-162,-2,1004;
-21,0,209,-32,4,-2,-159,0,1010;
-20,0,204,-33,2,-2,-162,-1,1006;
-22,-1,209,-35,1,-2,-162,0,1011;
-22,-2,208,-39,0,-3,-157,-3,1006;
-19,0,207,-42,0,-4,-157,-6,1009;
-20,-1,210,-45,0,-4,-164,-10,1008;
-21,-2,203,-47,-2,-2,-161,-4,1007;
-21,-2,209,-48,-1,-2,-161,-2,1009;
-23,-2,206,-52,-1,-2,-166,-6,1005;
-23,-1,207,-53,2,-2,-164,-7,1009;
-22,0,212,-54,3,-4,-168,-14,1009;
-22,-3,206,-57,4,-5,-160,-15,1007;
-22,-7,209,-57,6,-5,-163,-9,1005;
-24,-7,208,-58,7,-5,-165,-12,1005;
-21,-2,210,-58,6,-5,-167,-12,1007;
-23,-3,206,-60,6,-5,-167,-15,1006;
-22,-3,210,-58,4,-4,-163,-14,1005;
-21,-2,209,-56,2,-6,-163,-9, 999;
-23,-5,206,-54,0,-6,-168,-8,1004;
-22,-3,206,-53,-2,-4,-170,-9,1005;
-21,0,206,-52,-3,-3,-165,-5,1004;
-21,0,206,-54,-5,-4,-168,-9,1006;
-23,-2,209,-55,-6,-4,-164,-10,1005;
-22,0,206,-58,-7,-5,-163,-9,1005;
-20,-2,207,-58,-6,-5,-157,-13,1005;
-19,-4,208,-56,-4,-5,-156,-14,1004;
-19,-7,209,-56,-1,-6,-160,-17,1005;
-22,-5,206,-55,3,-8,-157,-14, 997;
-17,-6,206,-53,6,-8,-158,-17,1000;
-19,-6,206,-50,8,-6,-160,-16,1006;
-16,-3,203,-49,8,-6,-155,-15, 999;
-20,-7,206,-46,7,-5,-160,-17,1002;
-19,-6,205,-44,4,-4,-157,-13,1005;
-20,-4,208,-44,4,-3,-155,-12,1008;
-17,-3,206,-44,2,-2,-154,-10,1004;
-19,-5,208,-47,0,-1,-158,-9,1005;
-19,-3,207,-49,1,-1,-156,-7,1005;
-20,-1,210,-53,1,-1,-154,-8,1007;
-16,1,210,-56,1,-2,-153,-4,1010;
-20,-1,210,-56,1,-2,-156,-7,1009;
-20,-4,211,-54,5,-4,-158,-8,1012;
-18,-4,206,-55,5,-3,-161,0,1009;
-21,-4,213,-55,4,-4,-152,-8,1006;
-17,0,210,-55,6,-3,-159,-8,1007;
-20,-3,213,-54,6,-3,-154,-10,1010;
-20,-1,208,-50,10,-4,-161,-15,1006;
-19,-1,208,-48,9,-3,-153,-8,1007;
-21,-2,205,-47,9,-3,-150,-2,1006;
-17,-4,209,-45,9,-3,-153,-2,1007;
-20,-1,206,-46,11,-3,-151,-8,1008;
-20,-5,210,-45,13,-3,-150,-7,1008;
-20,-1,209,-44,16,-3,-150,-5,1009;
-18,-1,208,-43,18,-5,-156,-9,1005;
-20,-3,207,-41,19,-5,-153,-2,1006;
-18,0,208,-42,20,-4,-156,-4,1005;
-19,-3,209,-43,17,-5,-156,-1,1009;
-21,-3,205,-42,16,-5,-159,0,1004;
-21,-3,204,-44,14,-4,-155,-4,1011;
-19,0,204,-42,13,-3,-152,-1,1003;
-21,0,207,-42,11,-3,-157,1,1007;
-21,0,206,-41,10,-3,-157,1,1008;
-20,0,208,-41,8,-3,-160,0,1004;
-20,0,204,-41,8,-4,-161,-2,1003;
-20,0,208,-43,7,-3,-162,4,1007;
-21,-1,209,-44,6,-3,-160,-4,1014;
-21,-1,209,-44,6,-4,-168,-3,1007;
-21,0,209,-47,5,-5,-161,-3,1010;
-21,0,208,-48,5,-6,-158,-2,1010;
-20,0,208,-50,7,-5,-163,-10,1011;
-21,-3,207,-51,9,-4,-160,-10,1012;
-19,-1,213,-49,11,-6,-166,-5,1009;
-22,-3,210,-47,12,-8,-158,-6,1008;
-25,-2,210,-47,14,-6,-160,-13,1006;
-22,-3,207,-45,14,-4,-161,-11,1010;
-18,-5,205,-44,14,-6,-162,-9,1007;
-19,-3,206,-41,14,-5,-156,-5,1004;
-15,-3,210,-42,14,-4,-153,-9,1007;
-22,-2,205,-42,13,-3,-155,-5,1006;
-20,-2,207,-44,12,-2,-152,-14,1007;
-20,-4,209,-44,12,-3,-155,-10,1010;
-20,-6,207,-47,10,-3,-163,-14,1000;
-17,-1,204,-46,10,-2,-156,-5,1004;
-21,-1,208,-46,10,-1,-162,-9,1004;
-20,-4,208,-45,10,-1,-156,-13,1003;
-21,0,207,-41,8,-1,-153,-14,1004;
-20,-5,206,-39,10,-3,-159,-8,1008;
-21,-4,203,-38,8,-1,-157,-9,1009;
-21,-1,206,-34,7,-2,-162,-10,1002;
-22,-3,207,-30,5,-3,-163,-15,1004;
-22,-4,207,-28,3,-5,-163,-10,1007;
-23,-1,205,-24,0,-6,-166,-13,1005;
-23,-4,212,-24,-1,-8,-165,-12,1005;
-21,-2,211,-25,-2,-10,-162,-15,1012;
-21,-3,207,-26,0,-10,-161,-13,1010;
-19,-4,211,-29,3,-10,-159,-13,1013;
-23,-1,209,-32,5,-11,-153,-14,1015;
-21,-1,215,-36,9,-12,-160,-13,1020;
-19,-6,207,-37,15,-11,-160,-18,1016;
-19,-7,206,-34,18,-10,-155,-15,1016;
-20,-6,209,-28,19,-9,-150,-12,1009;
-17,-3,206,-23,19,-8,-154,-11,1002;
-19,-5,205,-14,17,-6,-160,-14,1003;
-18,-4,208,-10,14,-5,-153,-11, 999;
-18,-2,203,-3,11,-5,-151,-9, 999;
-21,0,208,-1,5,-2,-152,-7, 996;
-18,-5,203,2,-1,-1,-153,-5, 997;
-18,0,203,4,-8,-1,-149,-2, 994;
-19,0,204,3,-11,-1,-150,0,1000;
-18,-1,204,1,-12,-1,-148,1,1003;
-19,0,205,-5,-13,1,-150,0, 999;
-16,0,210,-8,-12,-1,-153,3,1001;
-20,1,207,-12,-10,-1,-150,7,1005;
-17,1,205,-17,-8,-2,-154,3,1008;
-14,-1,204,-17,-6,-2,-153,3,1007;
-19,0,209,-18,-4,-1,-153,1,1011;
-17,0,209,-15,-6,-1,-154,-5,1008;
-17,0,212,-14,-7,0,-151,1,1006;
-20,0,211,-13,-8,0,-153,-1,1016;
-20,1,212,-12,-10,-1,-158,6,1016;
-18,-1,209,-11,-11,-2,-155,3,1012;
-19,0,210,-10,-10,-2,-151,-2,1010;
-18,0,207,-8,-11,-1,-154,3,1009;
-16,-1,206,-10,-10,-1,-157,1,1009;
-17,-1,207,-12,-9,-3,-158,0,1008;
-20,0,206,-11,-8,-3,-151,6,1007;
-17,0,208,-13,-7,-3,-154,5,1010;
-16,1,204,-12,-6,-4,-155,6,1006;
-20,-1,209,-15,-7,-5,-156,5,1007;
-16,-1,207,-14,-8,-3,-153,9,1010;
-17,1,205,-17,-8,-5,-152,6,1006;
-19,0,208,-20,-9,-4,-154,4,1005;
-19,0,207,-23,-12,-4,-152,0,1006;
-19,0,209,-25,-12,-6,-151,1,1008;
-18,-2,210,-25,-13,-6,-149,4,1007;
-19,0,209,-29,-13,-8,-152,1,1008;
-16,0,207,-30,-13,-7,-157,0,1008;
-18,-1,209,-33,-12,-8,-161,1,1011;
-18,1,209,-38,-11,-7,-153,0,1014;
-20,0,209,-38,-11,-6,-156,1,1008;
-20,0,207,-36,-8,-6,-156,2,1009;
-20,-1,208,-37,-5,-8,-154,6,1006;
-19,0,207,-36,-3,-6,-158,3,1014;
-19,0,207,-37,-3,-5,-153,3,1008;
-19,-3,208,-37,-2,-4,-151,3,1012;
-18,0,207,-38,-3,-3,-153,0,1015;
-17,2,206,-37,-3,-3,-149,-2,1007;
-17,0,213,-38,-4,-3,-145,-2,1006;
-18,0,212,-38,-4,-2,-152,2,1012;
-20,1,210,-40,-4,-3,-146,5,1010;
-17,-2,208,-38,-4,-3,-151,3,1007;
-16,0,208,-38,-3,-3,-147,2,1007;
-16,0,205,-36,-1,-5,-147,-1,1006;
-18,-2,205,-34,0,-3,-144,0,1009;
-16,1,208,-34,-1,-2,-146,2,1012;
-17,0,205,-35,0,-1,-140,1,1008;
-17,-1,205,-35,0,0,-141,-5,1008;
-16,0,209,-34,-1,-1,-144,-2,1011;
-14,0,208,-36,-2,0,-143,0,1003;
-15,0,209,-37,-1,0,-142,3,1010;
-17,0,209,-40,0,1,-146,-2,1014;
-20,1,209,-42,0,0,-146,0,1012;
-18,0,212,-45,0,0,-150,-1,1013;
-15,1,205,-45,-1,0,-143,-1,1009;
-15,-1,210,-46,2,-2,-141,0,1010;
-17,-1,207,-49,2,-2,-148,-3,1008;
-15,1,207,-48,2,-3,-146,0,1010;
-16,1,209,-48,3,-2,-146,0,1008;
-18,-2,207,-46,2,-3,-143,1,1010;
-19,0,210,-45,2,-5,-144,5,1006;
-16,-2,206,-44,2,-3,-145,2,1005;
-16,1,207,-42,1,-3,-144,0,1009;
-17,0,206,-42,0,-3,-144,5,1008;
-14,0,209,-40,1,-1,-146,2,1009;
-14,1,208,-41,1,-3,-145,0,1010;
-18,1,208,-40,1,-5,-149,0,1012;
-17,0,205,-40,0,-4,-145,0,1007;
-17,0,207,-39,0,-4,-148,3,1005;
-16,-3,207,-36,0,-4,-151,4,1009;
-15,0,208,-36,0,-4,-148,1,1008;
-19,0,208,-35,1,-4,-144,3,1005;
-15,1,212,-34,1,-4,-149,2,1006;
-17,1,206,-34,3,-5,-145,0,1007;
-15,2,207,-32,5,-4,-147,7,1006;
-19,1,204,-32,6,-5,-148,-1,1007;
-16,1,207,-32,7,-4,-147,5,1004;
-20,0,206,-34,8,-6,-148,3,1009;
-15,0,207,-33,7,-4,-149,4,1010;
-17,0,202,-33,5,-3,-148,5,1013;
-17,0,208,-34,2,-4,-148,7,1011;
-19,1,209,-34,0,-5,-150,4,1013;
-20,0,207,-37,-4,-3,-147,4,1016;
-17,0,205,-40,-5,-4,-144,6,1015;
-15,1,207,-44,-4,-2,-150,5,1013;
-16,2,209,-46,-3,-2,-148,3,1012;
-13,0,204,-47,-3,-3,-146,4,1010;
-16,-1,210,-46,0,-3,-150,5,1010;
-14,0,208,-47,1,-4,-145,7,1016;
-15,0,209,-48,4,-2,-147,2,1013;
-17,0,204,-50,5,-4,-148,6,1013;
-19,2,209,-50,6,-4,-145,4,1012;
-20,2,210,-52,5,-4,-149,1,1011;
-18,2,211,-54,7,-6,-142,5,1012;
-16,0,210,-55,7,-5,-147,5,1010;
-18,2,207,-57,8,-3,-145,6,1011;
-14,0,212,-57,7,-3,-145,0,1010;
-16,0,210,-57,6,-3,-145,1,1006;
-16,0,205,-55,7,-3,-145,1,1006;
-16,0,206,-54,7,-4,-139,4,1011;
-17,1,211,-53,8,-3,-142,0,1008;
-13,-1,209,-53,8,-3,-140,1,1008;
-14,0,207,-52,10,-3,-146,2,1013;
-14,-2,208,-50,11,-4,-146,1,1012;
-18,0,208,-49,11,-4,-146,-1,1006;
-9,9,207,-48,12,-6,-144,1,1006;
-16,0,206,-47,10,-5,-143,3,1009;
-17,1,208,-46,9,-5,-141,4,1005;
-9,0,208,-43,5,-3,-146,2,1011;
-17,0,207,-41,3,-3,-145,0,1007;
-16,1,209,-37,3,-4,-146,6,1006;
-16,0,207,-33,3,-3,-141,7,1004;
-17,0,208,-29,4,-4,-144,3,1007;
-16,0,206,-24,4,-6,-145,3,1011;
-17,1,207,-20,7,-9,-147,-1,1005;
-12,7,197,-18,7,-11,-147,-7,1005;
-17,0,212,-16,8,-11,-147,0,1008;
-17,0,213,-15,9,-13,-145,-4,1011;
-17,-4,205,-15,10,-14,-142,-2,1010;
-17,-1,211,-17,11,-13,-141,0,1016;
-15,1,211,-18,15,-14,-144,-4,1016;
-17,-2,209,-20,18,-14,-139,-2,1013;
-16,-5,208,-18,22,-12,-139,-2,1011;
-14,-3,207,-10,24,-12,-140,-4,1003;
-16,-2,205,0,26,-10,-144,-4, 998;
-15,-4,206,8,23,-10,-144,0,1001;
-19,6,210,11,21,-6,-143,-1, 997;
-18,-1,203,13,15,-5,-137,0, 997;
-15,0,205,14,10,-3,-142,6,1001;
-20,2,205,15,4,-3,-146,5,1003;
-17,1,206,11,-1,0,-145,8,1001;
-10,0,210,6,-3,2,-137,11,1006;
-15,2,204,-4,-6,-1,-145,12,1009;
-14,1,210,-13,-10,-1,-145,10,1008;
-15,2,210,-20,-13,-2,-140,19,1011;
-16,2,211,-28,-12,-2,-139,15,1006;
-13,1,210,-32,-7,-3,-141,13,1007;
-10,12,215,-37,-3,-4,-137,11,1005;
-13,4,208,-40,-1,-5,-136,11,1010;
-13,1,209,-41,1,-5,-135,8,1015;
-14,0,212,-40,6,-6,-138,6,1011;
-14,2,211,-38,7,-5,-137,8,1019;
-15,0,209,-35,9,-6,-139,9,1014;
-15,1,206,-35,11,-7,-141,8,1009;
-16,0,209,-32,11,-6,-145,4,1015;
-18,1,206,-33,11,-5,-139,7,1010;
-16,2,210,-29,9,-5,-142,10,1009;
-15,1,209,-30,6,-5,-143,13,1013;
-17,1,221,-28,4,-5,-143,11,1007;
-14,2,210,-28,3,-6,-144,12,1014;
-17,2,206,-27,2,-6,-144,11,1012;
-15,1,210,-29,-1,-6,-141,12,1017;
-15,1,209,-31,-2,-5,-145,11,1015;
-15,2,208,-28,-3,-5,-141,12,1008;
-15,2,207,-30,-4,-3,-141,12,1011;
-16,2,212,-30,-3,-3,-144,15,1009;
-15,1,210,-32,-3,-4,-141,13,1008;
-14,1,207,-33,0,-4,-142,12,1008;
-15,2,206,-35,1,-3,-141,13,1013;
-17,1,210,-36,3,-3,-138,14,1015;
-16,1,212,-41,5,-5,-141,10,1015;
-15,1,207,-44,6,-3,-142,14,1019;
-14,1,210,-45,5,-3,-139,14,1010;
-17,0,210,-48,4,-2,-143,12,1016;
-14,0,207,-53,2,-5,-141,12,1019;
-15,1,208,-55,0,-5,-138,10,1018;
-18,2,211,-57,-1,-5,-137,9,1007;
-17,1,209,-60,-1,-5,-138,11,1018;
-14,1,209,-63,-1,-8,-138,7,1015;
-15,-1,214,-63,1,-9,-138,1,1025;
-15,0,213,-66,2,-11,-137,1,1021;
-14,0,211,-67,3,-12,-136,4,1023;
-14,0,212,-69,4,-15,-144,3,1020;
-15,0,210,-71,6,-16,-139,3,1018;
-15,1,210,-73,10,-20,-144,6,1019;
-15,-2,211,-77,15,-23,-147,3,1020;
-17,1,208,-81,22,-27,-143,6,1020;
-15,0,213,-84,30,-30,-145,4,1025;
-17,2,213,-92,38,-36,-142,5,1031;
-13,-1,215,-99,48,-39,-146,1,1026;
-14,0,213,-107,58,-45,-148,4,1028;
-17,1,216,-116,68,-49,-149,9,1028;
-15,2,218,-126,77,-52,-144,10,1031;
-21,2,220,-137,85,-55,-147,9,1033;
-16,0,219,-147,92,-58,-147,7,1038;
-19,1,217,-157,95,-58,-152,1,1041;
-16,-1,220,-163,96,-58,-144,2,1037;
-17,-1,215,-165,96,-59,-145,-1,1032;
-18,-4,211,-166,94,-56,-149,-8,1026;
-17,-4,214,-162,90,-50,-152,-8,1021;
-15,-5,213,-150,83,-45,-144,-15,1022;
-14,-7,210,-134,75,-38,-144,-19,1013;
-14,-5,204,-115,64,-34,-146,-18,1003;
-16,-6,202,-91,54,-26,-145,-13, 999;
-17,-1,205,-66,45,-22,-142,-9, 986;
-17,-2,202,-43,34,-18,-144,-5, 981;
-17,1,197,-24,25,-15,-146,1, 975;
-20,1,199,-10,18,-13,-145,9, 983;
-17,4,198,-2,14,-12,-152,10, 978;
-14,0,200,-3,10,-11,-147,15, 978;
-17,0,199,-8,9,-15,-146,15, 975;
-16,3,197,-21,11,-15,-149,15, 979;
-17,2,196,-35,14,-15,-141,17, 984;
-16,1,203,-47,19,-15,-148,10, 980;
-12,0,202,-59,22,-15,-148,8, 984;
-14,0,205,-66,24,-15,-144,3, 988;
-19,1,204,-66,23,-14,-142,-5, 983;
-16,-2,203,-65,20,-12,-141,-2, 984;
-15,-3,204,-64,15,-9,-143,-2, 988;
-15,0,210,-60,8,-8,-142,-3, 991;
-13,-1,201,-54,3,-6,-139,-6, 995;
-15,-1,205,-48,-4,-4,-143,-10, 999;
-16,0,206,-43,-8,-3,-142,-5,1004;
-16,0,207,-41,-12,-2,-145,-7,1002;
-16,0,212,-42,-14,-1,-140,0,1009;
-15,0,202,-40,-17,-1,-135,-2,1007;
-18,0,207,-43,-17,0,-143,-8,1009;
-17,0,215,-44,-18,0,-139,-2,1010;
-17,0,208,-47,-19,0,-144,-4,1014;
-15,-1,208,-48,-17,0,-148,-1,1019;
-15,0,209,-51,-14,-2,-142,-3,1018;
-16,0,207,-52,-12,-2,-145,-5,1011;
-15,0,205,-56,-9,-4,-142,-6,1016;
-14,-3,209,-58,-5,-4,-137,-1,1010;
-18,-3,208,-60,-2,-4,-141,-5,1012;
-15,-1,213,-61,2,-5,-136,-10,1010;
-12,-4,208,-61,3,-4,-140,-5,1011;
-15,-4,208,-58,4,-4,-142,-3,1005;
-14,-2,210,-57,5,-4,-137,-5,1008;
-13,-1,212,-55,4,-5,-136,-2,1014;
-15,0,212,-52,4,-5,-139,-1,1009;
-15,0,208,-47,5,-5,-138,-1,1007;
-12,-1,209,-46,4,-5,-136,-6,1004;
-14,0,208,-41,6,-4,-135,0,1006;
-12,-2,205,-40,6,-4,-137,6,1007;
-14,0,207,-38,8,-3,-135,-2,1011;
-16,-1,209,-39,9,-3,-137,2,1008;
-14,-2,210,-42,9,-2,-137,1,1011;
-12,-2,203,-43,7,-3,-138,-1,1011;
-15,0,208,-44,6,-3,-130,4,1009;
-14,0,210,-45,6,-2,-145,1,1007;
-15,0,210,-47,7,-2,-139,1,1011;
-13,0,207,-49,5,-3,-139,-3,1014;
-14,0,209,-48,6,-4,-138,-3,1009;
-15,1,209,-49,7,-5,-141,-3,1009;
-13,-1,202,-48,10,-4,-137,-1,1009;
-17,-1,212,-49,12,-5,-138,-2,1008;
-14,0,209,-48,14,-4,-139,-1,1006;
-16,0,208,-46,16,-6,-142,-2,1007;
-16,-1,210,-45,16,-5,-146,-5,1007;
-15,0,211,-44,17,-5,-144,-3,1010;
-17,0,211,-44,15,-6,-144,-2,1012;
-17,0,210,-40,15,-6,-149,-9,1007;
-20,-2,207,-39,14,-5,-146,-1,1010;
-15,-2,205,-37,10,-4,-150,-3,1010;
-15,-2,208,-33,8,-4,-144,-2,1010;
-15,0,210,-33,7,-5,-150,-3,1008;
-17,-2,209,-33,5,-3,-145,0,1012;
-17,0,209,-32,5,-6,-145,0,1010;
-19,0,208,-32,4,-4,-147,-1,1009;
-16,0,212,-33,4,-5,-145,0,1005;
-16,1,212,-34,5,-6,-146,1,1009;
-21,0,209,-36,6,-4,-145,-1,1003;
-19,0,208,-39,6,-4,-146,1,1007;
-13,-2,207,-39,9,-4,-137,-1,1008;
-18,1,211,-41,12,-4,-138,1,1005;
-16,0,208,-43,15,-3,-138,5,1010;
-14,-1,211,-47,18,-2,-143,1,1006;
-14,0,209,-47,18,-1,-139,-2,1012;
-13,0,208,-46,19,-2,-138,4,1010;
-15,2,213,-47,20,0,-141,-1,1008;
-14,0,208,-46,20,0,-135,1,1014;
-14,-3,210,-47,19,1,-137,-2,1012;
-11,0,212,-46,17,2,-135,0,1013;
-14,-1,210,-45,16,2,-141,-1,1011;
-15,-1,210,-45,12,1,-140,-1,1012;
-13,-2,208,-46,10,1,-139,-9,1015;
-15,-2,207,-47,7,0,-140,-3,1011;
-15,0,209,-48,6,0,-143,-1,1007;
-13,0,210,-48,4,0,-141,-2,1008;
-19,0,210,-45,2,0,-146,-2,1012;
-16,0,206,-43,3,-1,-146,2,1006;
-17,0,207,-42,3,-1,-144,2,1005;
-19,0,208,-41,1,-2,-146,3,1009;
-16,0,207,-38,3,-2,-149,0,1006;
-15,-2,208,-37,3,-3,-146,-5,1007;
-18,0,208,-36,2,-2,-149,-2,1009;
-16,-2,212,-35,4,-3,-146,-3,1007;
-15,1,210,-35,4,-5,-145,-5,1005;
-18,0,207,-36,4,-4,-146,4,1010;
-15,0,207,-38,6,-3,-139,1,1007;
-16,0,211,-40,5,-4,-140,0,1008;
-13,0,209,-40,5,-5,-140,-2,1012;
-16,0,209,-43,5,-5,-142,-1,1015;
-14,0,204,-43,6,-6,-140,-2,1013;
-17,0,209,-45,5,-5,-134,-2,1015;
-14,-1,214,-45,4,-7,-134,-2,1012;
-12,-5,208,-46,6,-5,-135,-6,1012;
-17,0,212,-45,7,-4,-134,-3,1009;
-12,0,205,-43,9,-5,-128,-1,1013;
-15,0,210,-42,10,-5,-133,-4,1009;
-11,-4,209,-41,9,-4,-128,-2,1005;
-13,0,210,-41,8,-1,-135,-7,1010;
-15,0,210,-42,8,-2,-127,-4,1010;
-10,-2,208,-41,7,-2,-128,-1,1013;
-13,0,207,-41,8,-3,-133,-2,1012;
-17,-3,207,-43,9,-4,-127,-6,1003;
-14,0,206,-41,11,-2,-131,-1,1012;
-26,-4,218,-43,12,-3,-126,-2,1001;
-13,-2,204,-42,15,-3,-134,0,1007;
-15,-1,208,-42,17,-3,-128,0,1008;
-11,0,206,-39,18,-3,-132,1,1009;
-13,0,211,-36,18,-4,-126,1,1010;
-10,-1,205,-35,20,-2,-132,-1,1010;
-11,-1,211,-36,22,-3,-125,-2,1011;
-15,-3,205,-37,24,-5,-132,-2,1006;
-14,0,209,-36,26,-6,-131,-8,1009;
-13,0,209,-39,26,-5,-133,-6,1010;
-15,-1,213,-38,26,-7,-143,-6,1010;
-16,-5,207,-39,25,-6,-135,-5,1015;
-17,0,212,-39,24,-8,-139,-1,1012;
-15,-2,210,-40,21,-7,-138,-5,1018;
-15,0,209,-46,23,-9,-137,-3,1018;
-16,-2,212,-48,24,-10,-142,-7,1029;
-16,-3,212,-48,27,-10,-142,-9,1024;
-15,-4,214,-41,29,-9,-137,-13,1006;
-11,-5,202,-25,30,-8,-132,-4,1002;
-14,-5,204,-12,33,-6,-136,-5,1001;
-15,0,206,-5,33,-6,-138,-5, 995;
-14,-1,204,-5,31,-4,-140,-1, 986;
-12,-1,207,-8,28,-3,-145,2, 998;
-14,0,205,-10,26,-2,-139,1, 997;
-15,1,204,-15,24,-2,-144,5,1003;
-18,0,209,-24,19,-2,-144,9,1004;
-16,2,208,-32,16,-3,-145,13,1013;
-17,2,210,-42,12,-5,-146,16,1013;
-18,3,207,-50,10,-6,-148,11,1015;
-19,1,212,-56,8,-6,-152,11,1018;
-18,0,210,-60,10,-6,-149,11,1018;
-13,1,215,-56,11,-8,-150,14,1016;
-16,0,209,-55,16,-8,-142,8,1016;
-15,0,211,-50,19,-7,-147,7,1013;
-16,1,207,-45,24,-7,-140,3,1014;
-15,0,208,-41,27,-7,-142,1,1012;
-15,0,209,-36,33,-6,-143,3,1008;
-14,0,211,-34,38,-5,-144,1,1006;
-15,0,206,-36,43,-4,-144,6,1005;
-15,0,209,-35,44,-2,-140,3,1001;
-15,0,207,-40,44,-2,-135,-1,1006;
-13,1,209,-43,43,-1,-137,3,1008;
-12,0,207,-45,40,1,-139,2,1008;
-17,2,212,-46,37,1,-141,5,1007;
-13,0,208,-47,33,1,-136,2,1010;
-14,0,211,-48,28,1,-142,6,1008;
-14,0,207,-46,22,1,-135,3,1012;
-15,0,211,-45,18,3,-137,4,1007;
-20,2,209,-46,15,2,-142,8,1015;
-17,1,213,-47,12,2,-140,10,1016;
-13,0,212,-50,10,1,-136,4,1013;
-16,0,211,-55,8,1,-139,1,1013;
-16,1,207,-58,8,-1,-143,5,1014;
-14,-2,211,-60,8,-1,-141,2,1011;
-18,1,210,-61,9,-3,-145,2,1011;
-19,0,212,-63,9,-3,-148,1,1009;
-17,-3,207,-64,9,-5,-151,3,1012;
-18,-1,207,-64,11,-5,-148,5,1012;
-26,6,215,-63,12,-6,-151,-2,1008;
-19,2,211,-62,12,-7,-151,0,1012;
-11,-2,206,-59,14,-6,-150,-1,1007;
-19,0,207,-58,15,-4,-150,-1,1007;
-14,-1,207,-55,14,-5,-145,-2,1006;
-15,-1,208,-54,15,-5,-143,-7,1008;
-15,-1,205,-54,15,-5,-139,-2,1007;
-16,-1,206,-50,15,-7,-144,-8,1008;
-15,-1,208,-46,14,-5,-141,-3,1004;
-15,-1,207,-47,15,-5,-137,-11,1005;
-15,-2,207,-45,15,-4,-137,-3,1002;
-7,8,203,-43,15,-5,-144,-8,1005;
-16,-1,205,-41,14,-4,-142,-4,1007;
-14,-1,209,-39,14,-4,-135,-4,1007;
-12,-3,206,-38,12,-4,-140,-6,1007;
-13,1,206,-39,11,-3,-139,-3,1008;
-15,1,212,-39,8,-2,-140,-3,1011;
-15,0,207,-42,7,-2,-140,-1,1007;
-16,0,207,-45,6,-2,-138,1,1013;
-18,0,208,-48,4,-2,-147,-1,1014;
-14,0,210,-51,3,-3,-139,0,1008;
-16,1,212,-51,3,-3,-141,0,1013;
-16,9,201,-52,4,-3,-141,-2,1012;
-15,0,209,-53,4,-4,-140,-2,1013;
-15,0,208,-52,7,-4,-145,-1,1014;
-18,0,206,-50,7,-5,-143,1,1006;
-15,0,210,-50,9,-5,-139,-3,1008;
-18,0,212,-48,10,-6,-138,4,1010;
-16,1,210,-47,12,-5,-135,0,1007;
-13,0,211,-45,14,-6,-137,3,1007;
-15,1,208,-45,15,-6,-135,2,1006;
-15,0,210,-44,16,-4,-133,0,1005;
-11,1,209,-41,17,-5,-137,1,1006;
-14,0,221,-41,17,-4,-135,2,1004;
-11,-2,211,-39,17,-4,-137,1,1009;
-13,0,208,-38,15,-4,-137,3,1009;
-14,1,208,-40,14,-4,-137,0,1010;
-12,-4,208,-40,11,-3,-138,0,1012;
-14,0,209,-40,10,-3,-130,3,1011;
-15,0,209,-40,11,-2,-141,4,1009;
-12,0,207,-41,11,-2,-139,6,1011;
-14,0,212,-42,10,-2,-136,5,1013;
-11,-2,208,-43,12,-2,-137,4,1011;
-12,-1,209,-45,13,-3,-145,4,1016;
-15,-1,209,-47,13,-2,-135,4,1011;
-19,0,207,-48,14,-2,-138,2,1016;
-15,0,213,-50,13,-2,-139,1,1010;
-15,0,209,-51,14,-5,-140,-1,1010;
-17,-1,210,-53,12,-5,-140,5,1010;
-14,-1,208,-54,11,-5,-137,6,1010;
-11,-2,212,-53,13,-6,-137,1,1010;
-18,0,208,-53,12,-6,-134,3,1005;
-14,-1,203,-51,15,-7,-137,0,1010;
-15,-2,208,-49,16,-7,-139,2,1005;
-14,0,206,-46,16,-6,-135,0,1006;
-15,-1,208,-44,15,-6,-136,0,1005;
-17,-1,208,-43,16,-7,-139,5,1011;
-14,-1,207,-43,18,-6,-140,-3,1011;
-17,-1,208,-42,19,-6,-141,-1,1009;
-16,0,208,-43,18,-5,-140,-2,1007;
-17,-3,208,-43,17,-3,-139,0,1007;
-17,1,214,-43,17,-3,-140,0,1010;
-16,0,205,-44,18,-2,-139,1,1007;
-15,0,206,-45,17,-4,-142,-2,1009;
-15,-1,206,-45,16,-4,-139,-5,1010;
-15,-2,209,-44,17,-4,-145,-3,1011;
-15,0,209,-44,17,-3,-143,-2,1011;
-16,0,208,-45,16,-4,-144,1,1007;
-14,0,203,-43,15,-2,-137,0,1006;
-15,0,207,-44,16,-4,-140,0,1003;
-12,-1,206,-45,15,-1,-142,1,1006;
-18,0,205,-47,13,-3,-141,1,1004;
-15,0,207,-47,12,-2,-130,2,1007;
-13,-1,210,-47,11,-3,-142,-4,1008;
-14,-1,209,-49,9,-2,-138,-1,1011;
-14,0,208,-48,8,-4,-144,2,1012;
-18,0,213,-48,9,-3,-144,-4,1012;
-15,-3,211,-50,9,-3,-139,-2,1007;
-17,-2,212,-48,10,-4,-136,0,1012;
-15,0,209,-44,12,-2,-139,-1,1013;
-15,-2,209,-44,13,-3,-138,-1,1009;
-12,-4,206,-40,16,-4,-138,2,1004;
-10,-4,209,-41,17,-4,-133,-1,1009;
-19,0,207,-42,17,-3,-141,-3,1012;
-13,0,207,-43,18,-4,-143,-5,1010;
-17,0,211,-43,15,-5,-143,1,1017;
-16,-1,207,-44,15,-5,-145,3,1008;
-14,-1,212,-46,14,-3,-142,6,1011;
-14,0,209,-45,13,-4,-143,6,1009;
-17,0,210,-43,12,-4,-142,4,1013;
-14,0,209,-44,13,-4,-140,4,1013;
-14,1,210,-46,11,-4,-140,2,1011;
-15,2,211,-47,11,-3,-143,4,1007;
-16,-3,207,-47,11,-5,-149,-2,1013;
-16,0,209,-47,13,-5,-140,0,1009;
-16,0,211,-45,13,-5,-143,1,1011;
-17,0,208,-44,14,-6,-147,1,1012;
-15,-3,207,-42,13,-4,-143,-2,1011;
-15,1,210,-42,13,-3,-145,-1,1008;
-15,0,209,-39,12,-3,-142,4,1004;
-14,0,204,-39,12,-2,-140,2,1007;
-15,2,208,-39,11,-3,-138,3,1006;
-14,0,209,-39,13,-2,-139,1,1005;
-13,2,211,-39,15,-2,-138,-1,1007;
-15,-1,210,-38,20,-2,-134,4,1004;
-13,-3,207,-40,23,-2,-134,0,1012;
-12,0,209,-40,26,-1,-132,-4,1004;
-14,0,207,-38,29,-3,-128,0,1006;
-14,0,207,-37,29,-3,-130,0,1005;
-14,0,209,-34,26,-4,-124,-4,1009;
-12,0,207,-32,27,-3,-131,0,1012;
-14,1,208,-32,25,-4,-127,4,1008;
-12,2,213,-30,24,-4,-130,7,1017;
-12,0,206,-28,22,-5,-135,2,1006;
-17,-1,211,-25,21,-7,-135,-4,1007;
-13,-1,209,-24,21,-7,-135,3,1010;
-14,-2,206,-24,21,-8,-138,-4,1007;
-14,0,210,-25,20,-11,-138,-5,1006;
-12,-1,209,-27,20,-10,-142,-3,1012;
-14,0,208,-30,20,-11,-141,-2,1016;
-14,0,215,-33,18,-12,-148,2,1015;
-18,0,213,-35,17,-12,-141,-2,1019;
-18,1,211,-40,17,-10,-143,4,1024;
-15,-2,211,-42,18,-9,-146,-2,1019;
-16,-2,207,-41,16,-7,-144,-1,1012;
-16,-1,210,-35,18,-5,-145,1,1013;
-15,3,205,-25,17,-5,-144,3,1000;
-17,0,204,-20,14,-4,-148,-1,1006;
-17,0,206,-17,13,-5,-145,4,1002;
-17,1,205,-14,13,-3,-143,7,1006;
-16,-1,204,-17,10,-3,-138,5, 998;
-19,0,206,-19,9,-3,-147,4,1005;
-13,1,207,-22,7,-4,-137,4,1002;
-16,2,209,-27,5,-5,-135,11,1005;
-13,2,205,-33,5,-5,-130,16,1004;
-12,1,204,-36,4,-5,-127,12,1004;
-9,2,210,-44,6,-5,-128,10,1004;
-11,2,210,-46,11,-6,-122,8,1004;
-10,2,210,-45,14,-5,-125,9,1009;
-15,2,208,-44,17,-4,-130,6,1006;
-13,-2,212,-40,18,-5,-131,6,1013;
-13,0,212,-37,19,-4,-129,5,1009;
-14,0,210,-35,17,-3,-135,7,1014;
-13,-1,211,-31,15,-2,-136,3,1006;
-16,1,209,-31,15,-4,-138,-3,1014;
-15,1,214,-30,15,-2,-136,3,1009;
-14,0,211,-31,16,-2,-136,6,1015;
-14,1,210,-31,16,0,-140,6,1014;
-13,0,208,-31,18,0,-135,2,1015;
-15,0,209,-33,18,-1,-132,6,1014;
-15,0,209,-35,18,0,-139,8,1012;
-15,-1,213,-36,18,1,-136,8,1013;
-14,0,207,-36,19,0,-141,5,1015;
-18,1,210,-39,18,0,-138,1,1011;
-19,2,211,-41,19,-1,-135,0,1012;
-16,0,211,-42,20,-2,-145,-3,1010;
-16,-1,209,-41,18,-2,-142,6,1014;
-17,0,210,-41,18,-2,-145,0,1012;
-15,0,212,-43,17,-2,-144,3,1012;
-17,0,208,-43,13,-3,-145,-1,1009;
-17,0,207,-43,10,-3,-146,0,1014;
-17,1,206,-43,6,-4,-149,1,1014;
-16,0,212,-43,2,-4,-146,-1,1009;
-16,0,208,-44,-2,-3,-146,7,1014;
-15,-2,208,-45,-5,-4,-145,6,1009;
-17,0,207,-45,-7,-3,-140,5,1007;
-15,0,209,-45,-9,-4,-141,4,1010;
-12,0,210,-44,-7,-4,-138,4,1005;
-13,0,206,-44,-6,-3,-136,-1,1006;
-15,0,209,-42,-4,-3,-135,0,1004;
-14,0,205,-39,-2,-4,-132,0,1002;
-11,1,205,-38,1,-3,-127,1,1007;
-13,0,207,-37,5,-4,-125,-4,1002;
-14,-1,209,-35,9,-5,-127,1,1003;
-11,-2,204,-33,11,-6,-127,1,1003;
-9,0,205,-33,14,-6,-127,0, 998;
-10,0,208,-34,18,-6,-130,3,1003;
-13,0,207,-34,20,-6,-125,5,1009;
-10,1,208,-33,22,-6,-134,3,1010;
-13,0,207,-33,23,-2,-131,11,1009;
-13,0,209,-32,24,-3,-125,8,1014;
-14,3,210,-31,23,-2,-129,7,1012;
-14,0,206,-32,24,0,-136,5,1015;
-14,2,209,-32,21,2,-133,9,1014;
-15,1,210,-34,18,4,-140,7,1017;
-14,2,210,-36,18,4,-134,9,1016;
-9,0,207,-40,16,5,-139,9,1017;
-16,1,211,-44,12,6,-137,9,1016;
-17,2,216,-46,12,5,-137,13,1019;
-14,1,214,-51,10,5,-138,13,1018;
-14,2,209,-54,10,3,-140,14,1014;
-15,2,211,-56,11,3,-137,13,1018;
-13,1,210,-61,11,3,-139,12,1015;
-13,1,211,-62,13,1,-136,16,1016;
-12,1,207,-61,13,0,-131,12,1014;
-11,2,211,-62,16,-1,-138,11,1012;
-14,3,211,-64,16,-2,-129,7,1011;
-12,0,213,-64,20,-2,-130,8,1016;
-13,0,213,-65,21,-4,-125,10,1012;
-13,1,206,-65,24,-5,-131,4,1010;
-12,0,210,-64,26,-6,-127,4,1008;
-11,0,213,-64,28,-6,-135,7,1010;
-12,0,207,-61,28,-6,-132,4,1009;
-13,0,208,-59,27,-6,-132,4,1009;
-15,2,208,-55,26,-7,-133,1,1010;
-13,0,208,-51,25,-7,-138,3,1001;
-14,1,203,-51,24,-8,-133,2,1008;
-13,0,210,-48,22,-8,-134,6,1010;
-15,0,205,-47,21,-8,-133,1,1005;
-15,0,208,-46,20,-6,-140,3,1002;
-15,0,208,-46,19,-5,-140,5,1006;
-16,0,208,-46,19,-6,-146,6,1008;
-17,0,204,-47,17,-4,-143,5,1007;
-17,0,209,-49,16,-4,-146,6,1009;
-15,1,208,-51,16,-4,-139,4,1010;
-19,0,207,-48,16,-5,-145,3,1010;
-18,1,210,-48,15,-4,-145,4,1006;
-16,0,214,-48,15,-5,-141,3,1010;
-17,0,208,-50,16,-5,-150,6,1006;
-16,0,210,-50,18,-3,-155,7,1013;
-16,0,206,-50,16,-2,-147,2,1010;
-18,2,210,-50,15,-3,-146,8,1009;
-18,1,207,-48,15,-1,-151,7,1013;
-16,0,209,-50,13,-3,-151,11,1012;
-17,0,206,-50,11,-3,-143,7,1010;
-16,-1,208,-50,9,-2,-145,8,1011;
-19,-1,208,-51,7,-2,-142,0,1015;
-17,0,208,-51,9,-3,-149,6,1012;
-16,0,209,-49,8,-3,-150,6,1011;
-17,-1,204,-49,7,-3,-143,7,1007;
-18,1,209,-49,6,-4,-137,3,1004;
-16,0,211,-50,5,-4,-148,1,1004;
-14,1,206,-48,6,-4,-142,0,1008;
-18,1,208,-47,5,-4,-145,5,1008;
-13,0,210,-47,6,-5,-139,5,1007;
-16,0,209,-48,7,-6,-141,3,1006;
-14,-1,206,-48,8,-4,-133,4,1010;
-13,0,207,-49,10,-5,-139,1,1001;
-13,1,205,-47,11,-4,-136,2,1008;
-14,0,208,-46,14,-4,-130,2,1014;
-12,-5,207,-46,15,-3,-127,2,1011;
-9,0,209,-42,17,-4,-119,-4,1006;
-12,0,210,-42,19,-2,-121,4,1008;
-10,0,208,-40,19,-1,-117,0,1010;
-10,0,211,-41,17,0,-125,3,1007;
-13,1,212,-42,14,2,-135,2,1011;
-12,0,211,-41,11,2,-127,4,1007;
-10,-2,209,-40,8,4,-124,4,1010;
-10,-2,209,-41,7,2,-121,2,1014;
-9,0,205,-40,6,2,-119,4,1004;
-11,0,206,-43,7,1,-119,0,1010;
-14,2,208,-45,10,-1,-121,-5,1008;
-12,0,208,-43,14,-2,-124,0,1016;
-10,-1,207,-41,17,-3,-120,-3,1010;
-13,-1,207,-39,20,-4,-125,-2,1007;
-12,0,209,-37,18,-4,-128,4,1007;
-16,1,211,-36,17,-5,-137,4,1012;
-13,-1,208,-34,17,-6,-131,11,1011;
-15,1,212,-32,15,-7,-139,5,1013;
-18,2,209,-31,13,-8,-139,8,1008;
-16,2,206,-31,12,-8,-140,2,1013;
-30,9,211,-32,14,-8,-144,9,1009;
-16,1,210,-30,14,-9,-145,5,1013;
-15,0,206,-29,14,-10,-141,1,1013;
-17,0,208,-28,15,-11,-147,2,1011;
-14,-1,209,-30,19,-12,-145,4,1015;
-16,0,214,-30,21,-12,-145,3,1011;
-17,1,212,-33,20,-11,-143,4,1022;
-18,0,209,-33,20,-12,-143,3,1016;
-17,0,210,-36,20,-11,-144,5,1023;
-12,0,214,-37,19,-10,-144,8,1026;
-12,0,213,-35,19,-10,-136,4,1015;
-4,6,205,-27,20,-9,-131,3,1007;
-13,1,208,-19,19,-7,-136,-1,1004;
-14,0,206,-13,18,-6,-133,0, 993;
-14,2,205,-10,17,-6,-134,6,1002;
-15,0,208,-10,17,-5,-134,5,1002;
-14,1,206,-8,17,-2,-136,2,1000;
-11,0,203,-9,17,-2,-130,8, 992;
-13,2,205,-11,16,-2,-129,8,1003;
-14,0,207,-16,15,-3,-133,13,1003;
-12,1,207,-19,15,-3,-133,14,1006;
-13,1,209,-23,14,-3,-131,15,1005;
-9,7,206,-27,14,-4,-128,9,1007;
-13,1,207,-31,14,-2,-128,15,1006;
-11,1,205,-29,16,-3,-128,12,1011;
-12,0,210,-27,15,-3,-134,11,1012;
-15,2,211,-27,16,-2,-135,12,1014;
-12,2,208,-26,14,-3,-140,11,1012;
-16,1,208,-23,14,-3,-139,12,1017;
-14,0,209,-23,12,-1,-141,8,1014;
-16,0,208,-21,9,-2,-140,12,1015;
-15,2,214,-24,7,-3,-143,10,1017;
-15,0,208,-24,7,-3,-144,10,1014;
-14,2,215,-28,7,-3,-145,11,1015;
-15,1,210,-28,8,-4,-143,14,1016;
-17,2,213,-29,9,-4,-140,12,1015;
-14,1,212,-30,9,-4,-141,10,1011;
-15,0,209,-30,9,-4,-146,8,1015;
-18,3,209,-30,10,-4,-139,9,1009;
-13,0,209,-29,9,-4,-139,10,1010;
-14,0,213,-28,7,-3,-141,10,1011;
-16,4,213,-30,8,-3,-143,10,1011;
-13,1,210,-30,6,-4,-138,9,1010;
-13,0,208,-32,5,-3,-132,12,1012;
-17,1,207,-33,4,-3,-135,10,1009;
-12,2,205,-35,6,-3,-133,6,1007;
-13,0,207,-37,5,-3,-128,4,1006;
-14,0,209,-38,7,-4,-130,4,1009;
-11,0,208,-37,8,-2,-133,7,1009;
-14,0,207,-38,9,-3,-133,9,1006;
-14,0,212,-36,10,-4,-129,6,1008;
-17,3,208,-36,10,-3,-134,5,1007;
-14,1,208,-36,10,-3,-131,7,1007;
-15,-2,204,-36,9,-1,-129,8,1008;
-12,0,210,-37,8,-3,-132,7,1009;
-13,1,208,-35,6,-2,-135,6,1007;
-13,1,210,-35,4,-2,-128,11,1012;
-11,1,211,-37,2,-4,-131,9,1010;
-16,7,209,-37,0,-5,-136,10,1014;
-15,3,213,-39,1,-4,-136,5,1013;
-13,1,212,-39,2,-5,-128,7,1012;
-12,0,210,-41,3,-6,-139,9,1009;
-14,0,210,-43,7,-6,-138,9,1016;
-14,0,211,-43,9,-7,-131,12,1015;
-14,2,207,-43,12,-8,-135,9,1015;
-13,1,210,-43,13,-6,-135,9,1014;
-10,2,212,-42,13,-6,-135,8,1015;
-15,0,209,-42,14,-6,-130,10,1010;
-12,2,206,-41,13,-5,-135,9,1015;
-15,1,208,-41,13,-4,-131,11,1010;
-16,1,212,-43,12,-3,-134,9,1012;
-16,1,211,-44,10,-2,-135,8,1008;
-14,3,206,-49,9,-2,-134,10,1014;
-13,1,208,-48,7,-2,-132,13,1010;
-16,0,211,-52,7,-2,-133,11,1014;
-14,3,207,-53,6,-4,-130,14,1013;
-14,2,209,-55,7,-4,-130,10,1011;
-14,1,208,-56,7,-4,-135,12,1010;
-14,-1,210,-58,8,-4,-134,12,1009;
-12,2,212,-58,10,-4,-138,15,1012;
-12,2,204,-58,12,-4,-133,8,1010;
-13,2,211,-56,14,-5,-131,8,1011;
-12,1,206,-57,17,-6,-130,12,1007;
-15,0,210,-57,19,-5,-132,10,1012;
-12,2,209,-54,20,-3,-134,13,1008;
-13,2,210,-54,20,-4,-129,11,1007;
-14,0,208,-54,21,-3,-128,11,1010;
-13,2,212,-50,20,-4,-134,7,1009;
-11,2,209,-51,20,-5,-137,9,1011;
-15,1,211,-49,18,-4,-134,8,1013;
-11,1,210,-51,16,-4,-137,11,1011;
-13,1,212,-50,15,-4,-137,11,1011;
-13,1,210,-53,14,-3,-135,10,1013;
-14,1,209,-54,12,-3,-136,14,1013;
-14,3,209,-55,12,-3,-138,14,1012;
-15,2,209,-55,12,-3,-139,13,1013;
-15,2,209,-58,13,-4,-138,11,1012;
-15,3,211,-58,14,-4,-139,11,1010;
-12,1,211,-59,15,-2,-138,13,1009;
-15,2,213,-59,17,-3,-134,8,1012;
-14,0,211,-60,19,-2,-138,10,1013;
-14,2,207,-60,19,-3,-136,8,1010;
-15,0,208,-63,20,-2,-135,8,1016;
-16,1,210,-64,20,-2,-139,9,1017;
-16,1,206,-66,19,-2,-137,9,1012;
-12,0,210,-66,18,-2,-140,12,1012;
-13,1,210,-66,17,-3,-134,11,1013;
-14,1,211,-65,18,-2,-137,9,1015;
-14,3,210,-68,17,-2,-134,10,1015;
-15,2,209,-67,19,-4,-134,9,1013;
-10,3,208,-68,22,-4,-135,11,1012;
-14,0,206,-70,21,-4,-131,7,1014;
-8,1,207,-71,23,-4,-138,3,1012;
-10,-1,211,-71,23,-4,-127,10,1014;
-12,2,212,-72,23,-3,-127,4,1014;
-13,4,212,-72,24,-2,-133,0,1012;
-16,1,207,-72,22,-4,-128,4,1013;
-11,0,206,-71,22,-3,-127,8,1013;
-10,-2,203,-69,19,-3,-120,4,1011;
-13,1,206,-71,17,-3,-125,2,1009;
-13,0,208,-69,17,-4,-135,8,1010;
-19,1,210,-69,15,-4,-124,0,1005;
-14,0,209,-68,14,-4,-134,3,1011;
-13,-1,210,-68,15,-4,-126,4,1008;
-11,0,208,-70,19,-4,-138,5,1007;
-12,0,208,-69,19,-4,-135,2,1007;
-14,0,208,-68,21,-5,-139,5,1005;
-11,-2,207,-69,21,-6,-135,6,1009;
-15,1,208,-69,22,-7,-133,4,1012;
-14,1,213,-71,22,-6,-133,11,1012;
-15,1,213,-70,20,-6,-139,7,1014;
-11,0,211,-69,20,-6,-136,4,1014;
-14,1,210,-68,19,-6,-132,8,1010;
-17,0,210,-69,20,-8,-136,6,1009;
-11,1,206,-67,22,-9,-136,5,1013;
-18,0,214,-65,24,-8,-137,-1,1013;
-15,1,209,-64,25,-9,-139,-4,1008;
-17,1,210,-64,27,-9,-136,-4,1011;
-13,0,208,-64,28,-10,-137,-3,1011;
-12,-1,211,-65,30,-11,-138,0,1007;
-12,0,210,-66,30,-12,-135,-2,1018;
-12,0,212,-70,29,-10,-133,3,1017;
-13,0,213,-73,29,-10,-140,-3,1018;
-15,0,212,-78,30,-10,-132,-1,1022;
-14,-3,215,-77,30,-8,-142,1,1015;
-15,-2,207,-74,30,-7,-137,4,1019;
-12,0,208,-65,31,-5,-134,-2,1010;
-16,1,207,-61,29,-3,-134,8,1011;
-14,0,206,-58,30,-3,-129,4,1008;
-12,1,210,-55,30,-2,-125,2,1011;
-13,-1,211,-57,31,-2,-129,4,1006;
-13,1,208,-58,29,-2,-130,6,1009;
-12,1,207,-61,31,-3,-127,8,1003;
-14,0,212,-63,33,-5,-127,5,1008;
-13,1,208,-66,32,-6,-127,5,1007;
-15,0,210,-68,30,-5,-134,8,1006;
-15,0,208,-68,30,-5,-129,4,1010;
-12,1,206,-69,29,-6,-137,9,1010;
-9,1,209,-66,25,-5,-137,6,1008;
-12,-2,206,-62,25,-6,-132,2,1004;
-17,0,203,-57,23,-6,-135,4,1007;
-12,0,207,-54,21,-8,-134,-1,1009;
-15,0,208,-51,21,-7,-143,-4,1011;
-13,-2,206,-48,21,-7,-138,-2,1006;
-14,0,210,-46,21,-7,-133,2,1011;
-15,1,209,-45,23,-10,-138,1,1007;
-16,1,209,-45,24,-9,-136,1,1014;
-12,-1,205,-42,26,-10,-135,-1,1010;
-15,0,210,-41,25,-10,-136,2,1006;
-13,0,209,-40,25,-10,-136,4,1007;
-14,-1,206,-36,22,-10,-140,-1,1007;
-16,0,209,-37,19,-8,-143,0,1009;
-14,0,211,-37,16,-9,-134,2,1010;
-13,1,209,-38,11,-11,-137,4,1008;
-15,0,207,-41,9,-10,-139,4,1011;
-14,-1,207,-45,9,-13,-139,2,1011;
-12,0,211,-49,8,-16,-134,2,1016;
-13,-2,209,-58,10,-18,-138,3,1013;
-14,0,207,-64,15,-21,-137,-2,1014;
-14,0,211,-71,18,-25,-136,-2,1019;
-14,0,211,-77,23,-26,-135,-4,1020;
-11,-6,214,-86,25,-29,-135,-11,1021;
-14,-4,213,-92,27,-32,-138,-12,1022;
-13,-1,213,-97,31,-35,-136,-9,1022;
-13,-2,215,-99,32,-36,-138,-11,1026;
-13,-5,213,-101,35,-40,-140,-6,1026;
-15,-4,212,-104,41,-42,-144,-10,1030;
-17,-4,218,-101,48,-47,-140,-7,1028;
-15,-3,218,-100,56,-50,-150,-7,1032;
-17,-1,216,-95,64,-52,-145,-9,1037;
-17,-2,221,-89,75,-52,-146,-10,1040;
-15,-3,217,-83,85,-54,-147,-15,1031;
-23,-1,217,-76,94,-55,-150,-6,1031;
-18,-3,212,-70,99,-56,-152,-12,1031;
-18,-1,217,-63,106,-53,-148,-11,1028;
-16,-6,211,-57,110,-49,-154,-11,1019;
-19,-3,215,-46,110,-44,-152,-6,1013;
-19,-2,208,-37,104,-40,-155,-4,1011;
-21,-1,208,-28,96,-35,-155,-1,1005;
-19,-1,202,-15,85,-31,-151,-1, 999;
-18,0,201,-1,75,-27,-147,6, 994;
-23,1,203,12,64,-22,-169,8, 977;
-24,-1,201,18,51,-15,-170,-1, 974;
-24,0,196,18,33,-11,-172,2, 966;
-22,1,198,11,17,-9,-165,6, 965;
-21,1,196,1,4,-10,-168,8, 968;
-19,0,202,-9,-8,-14,-160,9, 968;
-23,3,199,-18,-13,-15,-156,8, 969;
-19,2,200,-26,-18,-16,-156,11, 975;
-17,1,201,-33,-20,-17,-154,8, 978;
-17,2,201,-40,-19,-18,-150,12, 983;
-15,1,199,-46,-18,-18,-145,14, 987;
-16,3,202,-50,-18,-19,-144,10, 992;
-16,3,205,-56,-15,-19,-138,14, 996;
-14,4,202,-60,-14,-15,-134,15, 997;
-13,1,207,-63,-10,-13,-127,12,1007;
-14,2,209,-67,-8,-13,-128,12,1005;
-11,1,207,-69,-6,-10,-122,5,1007;
-11,0,210,-72,-7,-8,-115,3,1010;
-11,1,208,-70,-7,-3,-115,0,1012;
-10,0,210,-68,-10,0,-117,6,1009;
-8,0,207,-65,-14,2,-120,-2,1010;
-7,0,207,-62,-18,6,-116,-3,1008;
-6,-4,209,-59,-19,6,-110,-1,1007;
-9,0,209,-54,-23,9,-114,0,1011;
-8,0,205,-52,-25,10,-107,0,1007;
-8,-1,208,-49,-24,11,-110,1,1004;
-7,0,208,-49,-25,11,-113,-3,1013;
-10,-1,209,-50,-24,12,-113,-2,1018;
-8,-7,207,-47,-22,12,-113,-10,1006;
-9,-4,208,-47,-19,10,-116,-5,1015;
-8,-2,208,-44,-14,8,-118,-8,1015;
-13,-3,208,-40,-8,5,-114,-8,1010;
-7,-5,210,-38,-1,2,-116,-11,1017;
-7,-3,209,-35,7,-1,-117,-12,1011;
-9,0,209,-30,17,-4,-115,-9,1013;
-8,-2,209,-27,23,-5,-119,-8,1018;
-10,-2,211,-24,30,-9,-115,-5,1010;
-10,-3,213,-21,33,-9,-119,-4,1012;
-9,-4,206,-21,36,-10,-119,-13,1010;
-9,-5,208,-20,37,-9,-122,-12,1012;
-9,-8,208,-20,39,-9,-123,-16,1012;
-10,-7,207,-23,39,-9,-121,-15,1014;
-14,-2,212,-27,38,-9,-123,-6,1011;
-14,-2,207,-32,40,-7,-127,-7,1014;
-10,0,209,-36,40,-5,-126,3,1018;
-12,0,212,-40,40,-5,-133,10,1016;
-15,0,214,-49,40,-3,-135,7,1021;
-12,1,212,-58,40,-3,-131,14,1026;
-13,1,217,-69,41,-2,-133,17,1025;
-13,3,211,-77,44,-3,-135,17,1025;
-15,1,211,-85,45,-3,-138,14,1027;
-16,0,212,-91,48,-4,-140,8,1024;
-18,1,210,-97,47,-5,-143,2,1020;
-16,-2,215,-98,46,-5,-142,-1,1020;
-17,-2,210,-98,44,-6,-150,-6,1014;
-19,-3,208,-92,43,-6,-150,-9,1016;
-18,-2,209,-84,43,-6,-151,-3,1000;
-21,-1,203,-75,42,-6,-149,-8, 996;
-20,-2,199,-64,39,-6,-151,-8, 987;
-16,-4,202,-56,38,-7,-154,-11, 993;
-20,-4,202,-47,34,-9,-158,-15, 992;
-21,-3,207,-41,33,-9,-157,-9, 993;
-22,-3,206,-36,30,-10,-168,-12, 997;
-21,-3,203,-33,25,-9,-171,-7, 997;
-26,-1,203,-29,22,-8,-177,-2, 997;
-26,1,207,-24,19,-5,-172,1, 999;
-24,3,203,-18,15,-5,-172,3, 995;
-22,-1,207,-13,11,-2,-166,4, 999;
-22,2,203,-11,7,-1,-163,0,1000;
-21,0,205,-10,3,-1,-168,3,1005;
-22,-1,206,-6,-3,0,-167,-2,1002;
-22,0,210,-6,-8,1,-163,0,1008;
-46,-8,215,-8,-13,3,-165,0,1008;
-20,0,209,-10,-15,3,-166,-6,1012;
-23,1,209,-10,-18,4,-163,-1,1016;
-18,-2,209,-13,-19,3,-157,-2,1016;
-22,0,210,-16,-20,4,-152,-6,1018;
-19,-1,209,-16,-19,3,-156,-4,1017;
-16,0,210,-21,-18,4,-154,-9,1014;
-16,1,215,-24,-16,4,-150,-7,1020;
-17,-2,208,-21,-11,5,-141,-13,1018;
-15,-2,209,-19,-10,5,-141,-11,1011;
-16,-1,210,-12,-8,5,-132,-6,1005;
-18,0,205,-6,-6,6,-135,-7,1006;
-14,0,207,-2,-6,7,-137,-7,1008;
-13,-1,204,0,-8,8,-136,-8,1002;
-15,1,210,0,-10,8,-130,-4,1007;
-12,0,208,-3,-11,7,-137,-1,1007;
-13,2,208,-7,-12,7,-128,-1,1016;
-10,-4,207,-15,-16,5,-127,2,1011;
-14,3,210,-20,-16,4,-130,0,1014;
-15,2,209,-28,-16,1,-126,1,1011;
-11,0,209,-34,-15,-1,-124,5,1009;
-11,0,208,-40,-14,-1,-121,2,1009;
-16,10,198,-45,-11,-1,-123,4,1006;
-8,-1,210,-45,-7,-4,-124,3,1009;
-12,1,208,-46,-4,-3,-120,3,1011;
-9,-3,210,-44,-2,-3,-116,-1,1014;
-11,0,210,-41,1,-4,-117,0,1011;
-9,0,209,-41,3,-4,-122,-3,1007;
-10,1,209,-38,5,-5,-122,0,1009;
-11,2,210,-36,6,-3,-123,4,1010;
-10,1,212,-34,8,-3,-118,0,1011;
-12,-2,205,-33,9,-2,-119,7,1009;
-17,-7,208,-33,9,-2,-121,4,1016;
-11,0,209,-32,9,-2,-123,4,1007;
-11,0,211,-30,8,-1,-121,9,1009;
-8,1,207,-31,8,-1,-126,11,1007;
-11,3,212,-31,7,-2,-127,10,1010;
-11,4,210,-30,7,0,-120,13,1012;
-9,1,212,-32,8,1,-124,17,1013;
-12,2,208,-33,10,0,-126,10,1017;
-14,2,211,-34,11,-1,-129,19,1013;
-13,3,210,-37,14,0,-126,13,1018;
-11,2,209,-38,17,-1,-123,15,1014;
-8,10,203,-37,20,-2,-123,3,1013;
-14,0,208,-37,22,-2,-121,7,1014;
-12,1,209,-37,25,-1,-122,6,1013;
-11,0,208,-33,27,0,-120,0,1006;
-14,-1,207,-32,29,-1,-126,1,1007;
-15,0,207,-28,29,1,-130,-2,1005;
-15,-1,208,-26,27,1,-128,0,1007;
-15,-1,207,-22,24,0,-138,2,1002;
-16,0,208,-21,23,0,-136,5,1005;
-16,1,210,-20,20,-1,-138,3,1007;
-13,0,211,-19,18,1,-137,3,1007;
-15,1,207,-19,15,-1,-140,8,1005;
-11,1,207,-19,15,-1,-143,5,1007;
-14,1,208,-20,16,-2,-142,5,1006;
-14,0,206,-23,17,-3,-139,3,1013;
-16,0,208,-24,18,-3,-142,1,1014;
-16,-1,208,-28,20,-4,-145,2,1015;
-16,1,208,-30,22,-5,-146,-1,1013;
-20,0,210,-34,24,-7,-149,1,1013;
-17,0,212,-36,24,-6,-149,-3,1015;
-16,-2,211,-36,23,-6,-152,4,1015;
-17,0,210,-37,23,-8,-148,-7,1015;
-17,1,212,-37,21,-7,-151,5,1016;
-17,1,205,-36,19,-7,-147,-1,1012;
-17,-1,211,-36,15,-6,-145,-1,1013;
-18,-3,210,-34,13,-7,-152,-1,1011;
-16,-1,205,-34,9,-6,-144,-2,1013;
-17,0,207,-32,7,-6,-148,-1,1012;
-18,0,207,-30,6,-4,-146,2,1005;
-18,-2,206,-28,6,-5,-150,2,1007;
-17,1,209,-28,4,-5,-145,1,1003;
-15,0,203,-26,5,-6,-141,2,1003;
-19,1,203,-26,5,-5,-142,3,1002;
-17,3,207,-23,4,-5,-141,6,1002;
-15,1,210,-22,4,-3,-139,2,1001;
-15,1,206,-20,5,-2,-142,6,1000;
-21,0,210,-18,4,0,-154,7,1002;
-15,1,203,-19,2,4,-150,2,1002;
-10,4,205,-19,-3,4,-126,8,1001;
-7,1,208,-20,-4,3,-109,17,1001;
-9,2,211,-20,0,1,-104,15,1004;
-8,1,211,-18,5,-3,-113,12,1004;
-11,1,209,-19,8,-4,-116,15,1007;
-13,1,206,-17,10,-7,-133,10,1007;
-16,1,207,-20,9,-6,-148,10,1011;
-20,1,215,-21,6,-3,-152,10,1021;
-21,1,212,-19,0,1,-154,11,1016;
-18,1,215,-21,-8,6,-150,12,1017;
-14,0,212,-20,-15,11,-136,9,1017;
-13,1,213,-19,-18,11,-133,10,1019;
-10,2,214,-17,-20,12,-128,7,1020;
-15,2,214,-16,-17,11,-127,13,1021;
-13,2,215,-16,-15,9,-135,12,1016;
-12,0,210,-19,-10,8,-134,15,1019;
-12,4,212,-26,-9,4,-142,11,1019;
-11,2,209,-32,-6,3,-138,10,1018;
-16,2,212,-40,-2,0,-125,11,1022;
-10,2,213,-48,1,0,-124,10,1024;
-9,2,211,-53,6,-2,-125,10,1021;
-11,2,211,-59,9,-4,-124,10,1018;
-10,-2,210,-64,13,-4,-124,7,1018;
-13,-2,210,-67,15,-3,-124,4,1015;
-11,-2,211,-66,19,-3,-130,7,1014;
-11,-3,210,-66,19,-4,-125,6,1013;
-13,1,212,-65,16,-2,-127,2,1010;
-11,-2,208,-64,13,-1,-125,3,1008;
-11,-1,213,-62,9,0,-119,1,1002;
-9,0,205,-58,6,1,-124,0,1003;
-12,1,205,-57,6,2,-128,2,1001;
-10,0,208,-54,4,2,-120,5,1001;
-9,0,201,-52,6,2,-123,8,1001;
-9,1,205,-50,8,2,-126,9, 996;
-9,0,208,-48,11,2,-122,11,1002;
-10,3,205,-45,13,1,-121,16,1004;
-13,4,207,-43,15,0,-120,12,1004;
-12,1,209,-45,17,-1,-119,19,1011;
-14,3,212,-45,20,-3,-125,15,1010;
-9,3,209,-47,21,-1,-124,16,1011;
-10,2,207,-49,23,-2,-121,15,1016;
-9,4,209,-50,24,-1,-122,16,1014;
-8,5,211,-53,25,-1,-125,21,1019;
-13,3,210,-55,25,0,-118,21,1017;
-10,2,212,-60,25,0,-117,21,1020;
-13,0,210,-63,24,0,-131,18,1017;
-14,3,209,-66,22,-1,-128,16,1019;
-8,2,209,-68,23,1,-127,18,1018;
-12,3,212,-69,23,1,-129,20,1022;
-15,3,216,-73,24,3,-137,22,1020;
-15,3,213,-73,23,2,-135,15,1017;
-12,2,212,-77,22,2,-138,16,1016;
-15,2,212,-80,21,4,-139,14,1020;
-17,1,211,-82,21,5,-140,16,1017;
-15,1,210,-84,19,6,-143,14,1015;
-16,0,206,-85,19,7,-144,14,1019;
-16,0,211,-86,16,9,-145,11,1017;
-15,0,209,-83,16,8,-144,10,1007;
-17,0,210,-83,15,9,-145,5,1007;
-16,1,207,-83,15,9,-150,4,1008;
-16,0,205,-81,17,9,-152,1,1009;
-16,0,210,-83,18,8,-144,0,1008;
-19,-1,212,-80,21,7,-149,-2,1010;
-21,0,210,-79,24,7,-141,-4,1006;
-14,-1,210,-77,27,6,-148,-7,1011;
-16,-3,210,-76,30,5,-145,-6,1014;
-12,-5,211,-81,31,6,-141,-9,1017;
-15,-2,213,-87,31,4,-142,-7,1018;
-13,0,210,-91,31,5,-138,-7,1022;
-16,0,213,-94,30,5,-136,-12,1025;
-15,-4,208,-90,29,9,-133,-7,1018;
-13,-2,211,-82,26,10,-125,-5,1012;
-13,0,207,-76,23,10,-127,-3,1007;
-14,-1,205,-73,17,11,-131,0,1007;
-14,-1,212,-71,13,13,-131,-4,1010;
-14,0,210,-73,9,14,-133,-5,1011;
-12,0,213,-79,6,14,-133,-1,1007;
-14,-1,208,-89,7,12,-137,0,1012;
-14,0,210,-98,7,10,-135,0,1012;
-13,-1,211,-107,7,6,-138,4,1016;
-15,2,215,-118,7,3,-136,6,1016;
-15,0,209,-125,7,1,-141,3,1018;
-15,-2,210,-131,8,-3,-141,5,1024;
-14,0,214,-136,10,-6,-141,3,1017;
-14,0,210,-138,15,-8,-136,8,1016;
-18,-1,207,-139,21,-11,-143,1,1018;
-9,0,205,-135,26,-13,-139,3,1018;
-14,-1,209,-133,30,-15,-140,-2,1010;
-15,0,211,-130,35,-16,-141,0,1007;
-12,-3,205,-124,38,-17,-141,-7,1008;
-14,0,213,-115,40,-18,-127,-6,1010;
-13,-1,208,-109,41,-15,-136,-7,1006;
-14,-2,206,-104,39,-14,-135,-9,1008;
-12,-2,205,-98,38,-12,-129,-10,1006;
-12,-4,209,-93,36,-10,-134,-3,1008;
-14,-3,207,-89,33,-9,-135,-3,1005;
-10,-5,206,-85,30,-6,-131,-6,1006;
-11,-2,208,-82,26,-2,-124,-5,1004;
-12,-1,203,-79,22,-2,-125,-4,1004;
-12,0,208,-76,20,1,-131,-3,1003;
-11,1,206,-74,17,1,-130,-1,1005;
-12,-2,207,-75,16,2,-126,-1,1003;
-14,0,204,-76,15,4,-131,-1,1005;
-8,0,211,-77,15,4,-126,-2,1007;
-12,-3,207,-79,14,3,-128,-1,1008;
-16,1,210,-83,16,2,-130,-4,1011;
-14,0,208,-86,15,2,-125,-8,1005;
-14,-3,206,-89,17,1,-129,-5,1010;
-14,-3,206,-89,19,1,-131,-6,1013;
-14,-2,209,-89,21,0,-125,-3,1009;
-14,-2,208,-89,23,-2,-129,-8,1011;
-12,-7,205,-87,24,-3,-133,-10,1007;
-14,-3,210,-86,26,-4,-133,-15,1006;
-13,-8,208,-82,27,-4,-126,-16,1004;
-13,-6,209,-80,27,-6,-136,-17,1007;
-13,-7,206,-80,25,-6,-134,-15,1010;
-14,-4,210,-79,26,-7,-135,-16,1008;
-12,-6,210,-80,28,-6,-129,-17,1010;
-12,-6,212,-81,30,-9,-133,-16,1010;
-12,-6,209,-82,31,-8,-127,-18,1007;
-11,-4,206,-84,31,-9,-129,-21,1009;
-14,-5,210,-86,34,-11,-131,-17,1012;
-10,-5,206,-86,37,-10,-127,-17,1015;
-10,-3,208,-85,37,-11,-131,-23,1009;
-12,-8,207,-84,38,-9,-133,-20,1008;
-12,-7,207,-80,38,-6,-135,-16,1009;
-13,-5,206,-79,39,-6,-138,-10,1009;
-15,-7,206,-78,37,-4,-138,-18,1005;
-14,-4,210,-75,33,-3,-139,-12,1007;
-13,-7,204,-75,31,-2,-138,-15,1005;
-14,-2,206,-76,29,-1,-135,-11,1005;
-14,-5,210,-75,28,-1,-139,-15,1010;
-19,0,209,-75,26,-1,-138,-10,1005;
-16,-3,206,-77,25,-1,-139,-9,1005;
-16,-1,208,-75,26,-1,-141,-11,1008;
-15,-3,205,-75,26,-1,-136,-8,1006;
-12,-5,201,-74,26,-1,-137,-11,1003;
-13,-4,211,-74,27,0,-141,-10,1007;
-14,-7,211,-70,27,-2,-134,-11,1007;
-13,-5,208,-67,28,0,-138,-15,1006;
-15,-7,202,-64,28,-2,-136,-13,1005;
-18,-5,208,-63,28,-3,-136,-18,1006;
-17,-2,207,-61,28,-2,-135,-11,1005;
-15,-5,210,-59,27,-2,-141,-14,1008;
-15,-3,212,-55,27,-1,-135,-14,1011;
-15,-2,206,-54,26,-2,-139,-11,1004;
-14,-3,206,-54,24,-3,-136,-13,1010;
-14,-4,210,-55,23,-3,-133,-13,1008;
-17,-1,211,-55,23,-2,-141,-15,1009;
-13,-3,206,-54,23,-2,-141,-11,1014;
-13,-4,210,-56,22,-1,-139,-13,1012;
-16,-2,211,-57,22,0,-138,-12,1011;
-13,-3,207,-56,20,-1,-139,-17,1013;
-15,-3,207,-56,19,0,-141,-8,1009;
-14,-2,213,-55,19,-1,-144,-11,1013;
-16,-3,208,-58,19,-2,-143,-16,1014;
-15,-4,210,-58,19,-3,-143,-10,1011;
-14,-7,208,-58,19,-2,-143,-8,1009;
-14,-3,206,-58,19,-3,-142,-13,1011;
-16,-2,211,-58,19,-3,-139,-12,1012;
-14,-3,211,-59,17,-2,-141,-15,1012;
-13,-3,207,-59,18,-4,-140,-19,1010;
-14,-4,206,-59,19,-4,-141,-18,1014;
-15,-5,208,-58,20,-4,-133,-14,1011;
-14,-7,207,-59,20,-3,-140,-21,1007;
-14,-7,208,-59,20,-4,-136,-19,1008;
-14,-7,208,-57,20,-3,-136,-17,1006;
-12,-8,207,-56,20,-5,-134,-23,1012;
-17,-4,209,-55,18,-4,-141,-19,1008;
-15,-6,209,-55,18,-4,-137,-23,1008;
-15,-6,209,-56,17,-4,-138,-17,1008;
-19,-5,206,-56,17,-2,-136,-16,1010;
-14,-6,210,-57,16,-2,-142,-20,1005;
-13,-6,205,-58,14,-3,-144,-13,1011;
-13,-5,206,-59,13,-2,-139,-13,1015;
-13,-8,207,-60,13,-2,-140,-17,1009;
-15,-7,205,-59,11,0,-139,-16,1009;
-13,-7,209,-58,15,-3,-140,-18,1007;
-15,-6,209,-58,16,-3,-135,-24,1008;
-18,-4,205,-59,18,-5,-136,-14,1010;
-17,-4,209,-57,20,-5,-136,-19,1010;
-15,-8,210,-57,22,-5,-136,-20,1009;
-15,-6,208,-55,24,-4,-133,-20,1004;
-15,-6,211,-52,24,-4,-138,-23,1003;
-15,-6,211,-51,23,-4,-140,-20,1003;
-10,-9,211,-50,23,-3,-135,-21,1008;
-16,-5,205,-47,21,-1,-138,-20,1007;
-13,-9,207,-47,20,-3,-139,-16,1007;
-14,-7,208,-48,18,-2,-138,-16,1010;
-14,-4,207,-49,16,-1,-136,-14,1009;
-17,0,207,-52,15,0,-141,-10,1011;
-16,-6,209,-53,13,0,-142,-16,1009;
-12,-4,207,-54,14,0,-139,-16,1010;
-13,-3,209,-55,14,-1,-140,-9,1007;
-19,-3,209,-56,14,-1,-143,-12,1014;
-15,-1,208,-58,13,-2,-145,-11,1007;
-16,-4,207,-55,14,-1,-144,-12,1006;
-16,-6,208,-55,13,-1,-146,-13,1007;
-14,-4,209,-55,13,-2,-140,-15,1011;
-17,-4,209,-54,13,-2,-140,-17,1008;
-16,-4,208,-53,11,0,-139,-14,1016;
-16,-5,203,-51,11,0,-141,-17,1014;
-17,-6,207,-50,12,-2,-136,-14,1011;
-14,-12,205,-47,14,-3,-140,-19,1014;
-14,-5,212,-43,15,-3,-137,-20,1008;
-14,-9,207,-43,17,-3,-135,-22,1011;
-14,-7,209,-42,19,-6,-138,-24,1013;
-12,-9,214,-42,23,-7,-135,-25,1010;
-15,-8,212,-43,25,-9,-132,-25,1013;
-14,-8,211,-45,24,-8,-136,-24,1020;
-14,-7,211,-50,24,-8,-136,-27,1017;
-16,-2,212,-53,24,-8,-138,-21,1016;
-15,-7,210,-53,24,-8,-133,-20,1019;
-11,-7,228,-51,25,-9,-130,-24,1011;
-14,-8,210,-43,25,-7,-133,-30,1007;
-15,-8,211,-32,24,-5,-137,-26,1006;
-15,-8,205,-22,24,-4,-135,-26, 999;
-14,-6,206,-15,22,-4,-137,-20, 996;
-15,-6,206,-12,22,-3,-130,-23, 994;
-11,-8,200,-11,20,-4,-128,-19, 997;
-14,-8,208,-12,20,-5,-132,-24, 992;
-13,-9,203,-13,19,-3,-137,-18, 994;
-12,-8,204,-17,18,-3,-140,-19, 998;
-15,-3,207,-20,17,-3,-138,-15,1002;
-19,5,194,-22,16,-3,-137,-11,1005;
-12,-5,208,-22,14,-3,-141,-10,1006;
-18,-2,205,-22,12,-3,-143,-10,1007;
-13,-3,210,-25,12,-5,-143,-13,1006;
-15,0,210,-22,12,-5,-138,-13,1011;
-16,0,208,-23,12,-4,-143,-13,1011;
-12,-3,212,-24,13,-4,-142,-8,1012;
-19,-3,212,-27,15,-6,-136,-12,1013;
-14,-4,208,-28,16,-6,-135,-14,1013;
-16,-1,212,-29,18,-8,-138,-13,1015;
-15,-6,213,-31,20,-7,-139,-16,1011;
-18,-9,217,-28,22,-8,-140,-15,1012;
-14,-5,213,-28,20,-7,-139,-14,1012;
-16,-3,208,-28,20,-8,-139,-16,1015;
-15,-4,213,-25,20,-7,-145,-15,1015;
-13,-5,211,-25,17,-7,-136,-16,1018;
-14,-4,213,-24,15,-6,-137,-15,1010;
-15,-4,206,-24,13,-6,-142,-13,1009;
-15,-5,206,-22,12,-6,-145,-11,1008;
-15,0,216,-23,12,-5,-144,-11,1007;
-14,-1,209,-25,11,-5,-144,-14,1007;
-17,-4,205,-27,11,-6,-140,-14,1001;
-15,-5,212,-29,11,-6,-140,-17,1009;
-17,-7,207,-33,11,-6,-142,-17,1008;
-15,-2,209,-34,13,-6,-136,-16,1006;
-15,-8,209,-36,15,-4,-142,-12,1008;
-17,-6,209,-36,16,-5,-141,-13,1006;
-13,-5,207,-35,16,-4,-138,-13,1008;
-17,-1,208,-38,15,-4,-138,-10,1010;
-14,1,212,-40,15,-3,-143,-6,1010;
-13,-3,208,-40,16,-4,-140,-5,1008;
-12,-5,209,-41,15,-2,-139,-8,1010;
-18,-3,208,-41,16,-2,-139,-12,1016;
-13,-5,206,-43,14,-2,-140,-14,1015;
-15,-1,210,-46,14,-2,-141,-12,1013;
-16,-3,212,-46,14,-3,-139,-15,1016;
-14,-2,210,-50,13,-5,-142,-12,1013;
-15,-4,209,-52,13,-6,-141,-18,1011;
-15,-7,212,-53,15,-7,-140,-17,1018;
-15,-4,209,-52,15,-6,-139,-18,1013;
-16,-7,206,-52,15,-7,-142,-19,1009;
-15,-10,206,-48,16,-7,-143,-18,1008;
-12,-8,207,-44,17,-7,-143,-13,1007;
-18,-7,206,-40,17,-7,-140,-15,1003;
-14,-6,207,-34,17,-7,-140,-18,1003;
-15,-5,206,-31,17,-6,-142,-21,1001;
-14,-4,206,-26,17,-6,-142,-21,1008;
-16,-3,207,-23,16,-6,-139,-18,1002;
-15,-5,210,-22,16,-6,-141,-19,1000;
-11,-4,208,-23,15,-6,-138,-18,1005;
-17,-3,205,-24,12,-4,-141,-18,1004;
-17,-4,206,-25,10,-5,-140,-18,1004;
-14,-9,211,-25,9,-5,-139,-7,1007;
-13,-5,209,-28,8,-5,-136,-11,1005;
-14,-3,208,-29,7,-5,-137,-6,1005;
-14,-1,209,-31,7,-5,-134,-3,1010;
-14,0,207,-32,8,-6,-140,-14,1006;
-16,-2,209,-31,9,-5,-135,-10,1008;
-13,-5,207,-32,9,-6,-138,-9,1013;
-14,-2,210,-32,11,-5,-138,-10,1011;
-15,-1,207,-31,11,-4,-136,-9,1010;
-14,-6,213,-29,12,-5,-135,-14,1008;
-11,-5,208,-29,13,-5,-132,-16,1009;
-13,-5,209,-27,14,-4,-132,-14,1013;
-12,-4,208,-27,13,-4,-128,-16,1013;
-8,-6,210,-26,14,-4,-134,-15,1008;
-14,-2,208,-24,12,-4,-135,-14,1011;
-12,-4,208,-24,10,-3,-135,-16,1009;
-15,-3,209,-25,10,-4,-139,-13,1011;
-14,-3,208,-25,10,-3,-135,-9,1011;
-15,0,210,-26,9,-3,-136,-8,1010;
-13,-4,207,-27,9,-5,-139,-8,1011;
-13,-2,212,-29,11,-5,-140,-7,1008;
-14,-4,205,-29,12,-4,-139,-6,1011;
-14,0,211,-29,11,-4,-135,-4,1012;
-11,-4,209,-28,12,-4,-138,-3,1011;
-16,-1,207,-29,13,-4,-132,-3,1007;
-14,-5,210,-27,16,-5,-138,-6,1007;
-14,-3,208,-26,16,-4,-138,-6,1007;
-14,-3,206,-25,17,-4,-133,-6,1003;
-15,-6,207,-21,18,-3,-135,-9,1006;
-16,0,208,-19,20,-4,-137,-11,1008;
-17,-4,210,-18,17,-3,-139,-13,1006;
-14,-2,207,-16,14,-3,-138,-9,1010;
-14,-6,209,-15,11,-3,-138,-10,1007;
-17,-4,205,-14,9,-2,-142,-10,1007;
-17,-2,204,-13,7,-2,-144,-8,1005;
-13,-4,204,-12,6,-4,-144,-10,1004;
-11,-6,207,-12,5,-4,-140,-7,1002;
-13,0,210,-9,5,-4,-140,-7,1007;
-15,-2,208,-9,7,-3,-135,-8,1011;
-15,0,205,-8,9,-3,-138,-2,1007;
-12,-2,208,-10,11,-4,-139,-8,1009;
-13,0,206,-9,14,-5,-138,-2,1007;
-13,-3,210,-10,18,-4,-136,-3,1009;
-14,0,211,-11,21,-4,-130,-15,1010;
-15,0,210,-11,21,-3,-129,-7,1009;
-12,-2,209,-15,22,-3,-133,-8,1006;
-13,0,206,-16,22,-3,-132,-10,1007;
-15,-1,207,-15,20,-1,-130,-7,1009;
-13,-4,209,-18,18,-1,-130,-8,1014;
-10,-3,210,-19,16,-1,-130,-8,1014;
-16,2,211,-20,15,0,-130,-8,1019;
-17,0,210,-22,12,0,-132,-6,1014;
-11,-1,210,-23,10,-1,-135,-3,1019;
-14,-1,210,-26,10,-3,-124,-4,1015;
-11,-2,208,-29,9,-2,-134,-5,1012;
-15,0,212,-30,9,-3,-135,-6,1013;
-14,-1,212,-33,9,-2,-134,-8,1017;
-16,-1,209,-36,8,-2,-142,-9,1015;
-16,-2,212,-38,8,-3,-142,-6,1015;
-15,-3,209,-40,7,-4,-143,-6,1018;
-17,-2,211,-41,9,-5,-141,-3,1020;
-15,-3,210,-42,9,-5,-144,1,1018;
-16,0,209,-43,10,-8,-146,-1,1016;
-17,0,207,-44,12,-9,-147,-1,1005;
-17,-2,206,-44,15,-12,-147,-5,1015;
-14,-1,210,-46,19,-14,-142,-3,1015;
-15,-5,210,-47,22,-13,-146,-1,1006;
-14,-2,208,-48,25,-15,-139,-9,1013;
-15,-1,212,-50,28,-14,-141,-11,1015;
-10,0,209,-48,31,-15,-135,-6,1013;
-15,-3,210,-49,31,-15,-133,-7,1012;
-16,-2,211,-49,31,-14,-134,-8,1016;
-13,-2,212,-47,30,-10,-131,-8,1013;
-13,-3,209,-42,29,-9,-130,-12,1014;
-15,-1,209,-30,28,-7,-130,-7,1007;
-13,-2,210,-22,25,-5,-130,-8,1005;
-13,-4,207,-15,22,-5,-129,-5,1004;
-15,-3,206,-12,19,-4,-132,-11,1003;
-15,-1,206,-9,16,-3,-135,-11,1002;
-13,0,205,-9,12,-1,-137,-8,1001;
-11,-3,205,-14,11,-2,-134,-4, 997;
-12,-1,207,-20,12,-4,-131,-6, 998;
-13,-2,208,-21,11,-7,-138,-2, 997;
-13,0,205,-27,13,-5,-138,0,1006;
-12,1,207,-29,13,-7,-139,3,1005;
-13,0,207,-31,15,-7,-140,1,1005;
-17,1,208,-31,17,-9,-142,4,1009;
-13,-3,209,-31,17,-9,-140,0,1012;
-19,0,208,-33,18,-9,-139,2,1014;
-15,0,211,-33,19,-9,-142,0,1011;
-15,0,209,-34,19,-9,-140,2,1012;
-14,0,207,-36,17,-9,-142,-3,1016;
-14,-2,208,-35,16,-9,-139,-8,1012;
-14,-1,209,-35,15,-7,-142,0,1017;
-12,0,212,-32,15,-8,-140,-2,1005;
-12,-2,209,-31,15,-7,-138,-4,1012;
-14,-2,207,-31,16,-6,-139,-8,1010;
-14,0,208,-32,15,-7,-139,-4,1009;
-15,-2,211,-29,16,-6,-140,-4,1014;
-14,0,207,-24,16,-5,-139,-3,1012;
-15,-1,208,-23,14,-4,-138,-3,1007;
-17,-3,209,-20,15,-4,-135,-1,1007;
-14,0,210,-21,14,-4,-138,2,1009;
-14,0,209,-20,14,-4,-135,-1,1008;
-12,0,208,-20,13,-3,-133,-2,1005;
-14,0,209,-19,12,-3,-138,-2,1005;
-14,-1,210,-18,13,-3,-139,0,1005;
-10,-1,210,-17,13,-4,-134,-2,1006;
-13,0,205,-15,12,-5,-139,-3,1004;
-14,-2,207,-13,13,-4,-130,-6,1007;
-14,-1,207,-9,14,-4,-130,-6,1001;
-13,0,208,-5,13,-4,-133,-7,1003;
-13,0,210,1,12,-4,-133,-6,1005;
-15,-1,209,6,11,-3,-137,-9,1004;
-13,-2,208,10,9,-3,-135,-4,1002;
-16,0,211,14,6,-3,-130,-4,1004;
-14,0,208,15,3,-1,-138,-2, 997;
-11,0,207,15,1,-1,-137,-1,1006;
-12,-1,209,17,-3,0,-138,3,1006;
-13,-1,205,21,-3,2,-129,-1,1005;
-14,0,207,20,-5,2,-134,0,1002;
-11,0,205,16,-4,1,-136,-1,1005;
-13,-1,210,12,-3,-1,-136,-2,1006;
-14,0,210,8,-1,-2,-133,0,1010;
-11,-2,208,1,0,-2,-137,6,1010;
-14,0,210,-4,1,-5,-135,4,1009;
-13,1,208,-9,6,-5,-138,0,1015;
-17,0,211,-13,6,-5,-137,4,1014;
-14,2,210,-17,8,-6,-136,8,1012;
-16,1,208,-18,7,-5,-136,8,1015;
-12,1,214,-19,9,-4,-137,11,1020;
-10,0,211,-17,10,-4,-133,11,1017;
-14,2,216,-17,9,-3,-135,10,1017;
-15,1,209,-20,10,-1,-134,9,1017;
-14,0,213,-23,9,-3,-139,14,1015;
-13,2,212,-24,9,-1,-139,10,1018;
-13,1,210,-26,5,-2,-137,11,1014;
-13,0,213,-27,5,-3,-138,7,1011;
-14,0,211,-28,4,-4,-137,8,1010;
-14,3,206,-31,4,-5,-139,6,1009;
-17,1,208,-33,5,-5,-135,6,1007;
-16,0,209,-30,6,-6,-138,9,1006;
-12,0,208,-29,6,-6,-140,8,1010;
-16,2,209,-29,6,-8,-139,4,1005;
-18,0,205,-28,7,-8,-127,9,1005;
-15,2,207,-28,9,-7,-137,11,1009;
-17,2,212,-29,9,-7,-134,6,1010;
-15,0,205,-31,9,-8,-135,10,1012;
-15,1,209,-29,12,-6,-131,8,1009;
-15,3,208,-32,12,-8,-134,8,1015;
-13,1,209,-35,14,-8,-126,9,1013;
-11,2,212,-39,15,-7,-131,10,1014;
-13,0,210,-43,15,-7,-135,15,1014;
-12,2,212,-44,16,-7,-135,15,1017;
-13,1,208,-47,15,-8,-136,15,1017;
-13,3,211,-51,14,-5,-133,12,1018;
-18,3,210,-53,13,-3,-131,12,1016;
-13,3,211,-58,16,-3,-133,15,1016;
-13,2,208,-61,15,-3,-137,11,1017;
-15,0,211,-63,14,-1,-135,7,1016;
-14,1,210,-63,14,-2,-128,14,1011;
-14,1,210,-66,14,-2,-133,10,1014;
-12,0,208,-67,12,-1,-138,6,1016;
-12,2,206,-69,13,-2,-141,5,1012;
-16,2,211,-70,13,0,-135,5,1007;
-13,1,212,-69,14,-1,-135,6,1013;
-14,2,206,-69,17,-2,-131,8,1013;
-13,1,207,-69,17,-1,-130,2,1009;
-14,0,212,-71,18,-2,-134,6,1007;
-9,0,210,-71,18,-3,-135,4,1012;
-15,0,204,-68,19,0,-138,6,1012;
-15,-1,211,-65,19,1,-135,3,1016;
-15,0,207,-64,16,-1,-136,2,1008;
-15,0,212,-65,15,0,-140,3,1010;
-9,-2,209,-65,12,2,-132,7,1011;
-12,2,205,-67,11,1,-133,4,1006;
-12,0,209,-70,9,0,-137,6,1012;
-12,2,206,-71,8,0,-134,7,1007;
-16,1,210,-74,8,0,-136,6,1009;
-14,2,208,-79,8,-1,-136,10,1011;
-14,0,209,-80,12,0,-130,6,1014;
-14,0,209,-82,14,-1,-130,2,1008;
-13,0,208,-84,16,-3,-138,0,1011;
-13,0,212,-85,18,-3,-134,1,1018;
-13,0,212,-89,21,-5,-131,0,1013;
-11,-1,211,-89,23,-5,-133,-4,1014;
-12,0,208,-90,23,-4,-137,2,1016;
-10,-2,209,-90,22,-3,-129,0,1014;
-12,-3,208,-91,22,-4,-132,2,1020;
-13,0,210,-92,22,-4,-136,2,1018;
-11,0,211,-93,21,-3,-133,4,1009;
-13,-1,211,-93,21,-3,-133,5,1017;
-13,-2,214,-93,20,-4,-134,3,1018;
-16,1,208,-95,20,-2,-128,1,1012;
-15,0,208,-97,21,-3,-138,4,1018;
-14,-2,210,-98,22,-3,-136,-1,1016;
-14,0,212,-101,22,-2,-140,3,1011;
-16,-2,209,-102,22,-2,-136,2,1016;
-20,-2,219,-103,24,-1,-128,4,1012;
-15,0,210,-99,22,-2,-135,5,1011;
-13,1,205,-96,21,-2,-134,1,1013;
-15,0,208,-93,20,-1,-141,-1,1007;
-17,0,207,-92,20,-3,-139,1,1012;
-14,0,210,-89,21,-3,-139,-7,1010;
-13,-4,205,-86,23,-5,-137,-7,1006;
-14,-1,209,-86,23,-7,-135,-3,1009;
-14,-3,212,-88,26,-8,-133,-5,1012;
-13,-2,210,-92,29,-10,-137,-10,1014;
-13,-2,212,-96,32,-11,-132,-6,1011;
-21,-4,208,-100,35,-11,-132,-11,1019;
-13,0,214,-106,37,-11,-133,-11,1021;
-10,-4,210,-109,40,-12,-138,-11,1021;
-15,-5,214,-109,42,-10,-132,-15,1017;
-12,-6,206,-99,44,-7,-132,-14,1011;
-14,-4,212,-89,45,-8,-133,-12,1006;
-10,-4,208,-79,42,-6,-137,-9,1004;
-16,0,208,-73,39,-6,-135,-9,1007;
-12,-2,202,-66,37,-4,-133,-11, 996;
-13,-3,203,-64,34,-4,-136,-5,1000;
-11,-3,209,-65,29,0,-136,-9,1003;
-12,2,196,-68,27,-2,-133,-4,1002;
-16,0,206,-72,23,-1,-139,-4,1011;
-13,1,207,-77,21,0,-139,-1,1007;
-17,-2,209,-80,19,0,-142,0,1003;
-15,-1,212,-84,18,-1,-139,-1,1007;
-13,0,208,-85,19,-1,-143,1,1008;
-14,0,211,-85,20,-2,-140,3,1006;
-15,-1,210,-86,22,-2,-142,4,1009;
