  -8,-252, -55, -18,  42,  -1, -47,-970,-149;
-7,-251,-52,-18,41,1,-48,-974,-145;
-6,-250,-53,-18,40,-1,-42,-972,-143;
-6,-250,-56,-18,39,1,-48,-971,-142;
-6,-250,-56,-16,38,-1,-48,-969,-144;
-3,-253,-56,-15,37,-1,-45,-970,-147;
-1,-253,-56,-13,38,-3,-49,-968,-148;
-4,-251,-57,-11,36,-1,-52,-967,-151;
-7,-254,-56,-10,37,-3,-53,-972,-153;
-6,-251,-57,-11,36,-1,-51,-967,-150;
-6,-252,-57,-11,37,-1,-54,-969,-156;
-6,-255,-59,-12,35,-1,-50,-972,-155;
-3,-251,-56,-12,35,-1,-51,-971,-152;
-6,-252,-55,-8,37,2,-51,-972,-151;
-5,-249,-57,-8,37,1,-42,-973,-154;
-4,-252,-59,-9,38,1,-45,-965,-154;
-5,-249,-59,-8,38,1,-50,-967,-156;
-6,-252,-56,-12,38,0,-49,-969,-152;
-3,-252,-58,-14,38,-1,-49,-975,-151;
-5,-252,-56,-12,37,-1,-44,-975,-150;
-6,-253,-56,-9,37,-2,-46,-974,-146;
-3,-252,-56,-5,35,-2,-45,-977,-144;
-7,-254,-58,-2,34,-3,-48,-967,-147;
-6,-254,-54,-2,32,-2,-50,-970,-151;
-7,-252,-56,-4,31,-4,-48,-972,-151;
-8,-251,-55,-6,31,-2,-45,-958,-149;
-5,-250,-56,-7,31,-1,-48,-961,-149;
-7,-252,-56,-9,33,-1,-48,-963,-154;
-5,-250,-58,-10,34,1,-51,-966,-154;
-5,-251,-56,-10,33,0,-54,-964,-157;
-6,-252,-57,-12,32,2,-52,-967,-157;
-7,-251,-61,-14,31,0,-53,-959,-155;
-5,-253,-57,-15,31,1,-53,-968,-154;
-5,-251,-56,-16,29,-1,-52,-966,-156;
-6,-253,-56,-19,31,1,-53,-968,-154;
-6,-252,-54,-20,30,-1,-57,-970,-153;
-8,-252,-57,-20,31,1,-54,-971,-148;
-10,-250,-57,-19,32,0,-51,-975,-150;
-6,-249,-54,-19,33,2,-52,-968,-151;
-6,-253,-56,-18,35,-1,-51,-971,-146;
-6,-251,-56,-18,35,2,-48,-972,-151;
-5,-253,-57,-18,36,-1,-48,-970,-149;
-5,-250,-58,-18,39,3,-41,-976,-145;
-5,-252,-54,-16,39,1,-38,-967,-149;
-5,-251,-54,-16,42,4,-42,-967,-151;
-3,-252,-59,-16,42,1,-46,-966,-149;
-4,-253,-59,-15,43,4,-44,-966,-157;
-4,-252,-57,-16,45,1,-47,-972,-160;
-2,-251,-55,-17,45,3,-47,-964,-152;
-6,-252,-53,-16,44,1,-42,-967,-155;
-4,-252,-62,-17,46,4,-43,-969,-154;
-2,-252,-56,-16,47,0,-44,-968,-156;
-5,-251,-55,-17,48,2,-44,-966,-155;
-4,-250,-56,-17,49,-3,-43,-972,-160;
-8,-253,-57,-19,50,1,-44,-967,-156;
-7,-253,-56,-20,53,-2,-46,-969,-158;
-5,-252,-56,-21,53,0,-52,-974,-153;
-6,-253,-56,-19,53,-1,-54,-972,-155;
-9,-252,-57,-19,52,-1,-55,-972,-158;
-7,-254,-57,-17,52,-2,-55,-974,-157;
-9,-252,-56,-13,52,0,-57,-978,-149;
-8,-255,-55,-9,52,-2,-57,-974,-149;
-8,-251,-57,-10,50,-1,-60,-973,-151;
-10,-250,-57,-7,49,-3,-56,-974,-151;
-5,-251,-56,-5,45,-2,-63,-975,-147;
-9,-253,-57,-3,43,-3,-62,-974,-146;
-10,-254,-52,-1,39,0,-59,-973,-148;
-7,-254,-56,0,37,-3,-63,-969,-151;
-7,-253,-54,-1,34,0,-58,-968,-146;
-9,-249,-55,1,31,-1,-60,-971,-148;
-7,-250,-55,1,30,0,-60,-969,-154;
-11,-249,-56,2,27,-1,-64,-962,-151;
-11,-250,-58,1,24,-1,-62,-969,-148;
-9,-251,-57,-1,20,-2,-62,-964,-147;
-8,-249,-56,-2,17,-3,-65,-967,-153;
-12,-252,-55,-6,13,-4,-66,-967,-147;
-11,-249,-55,-9,9,-4,-62,-965,-150;
-10,-252,-55,-9,2,-4,-65,-966,-148;
-11,-253,-55,-9,-3,-4,-65,-970,-147;
-10,-250,-54,-7,-8,-5,-60,-967,-146;
-9,-250,-56,-6,-13,-6,-65,-963,-144;
-10,-251,-56,-5,-17,-3,-66,-969,-150;
-10,-249,-55,-6,-21,-6,-64,-967,-152;
-10,-251,-56,-7,-25,-5,-63,-965,-152;
-9,-251,-57,-10,-28,-5,-59,-968,-153;
-10,-250,-57,-11,-31,-4,-61,-966,-154;
-9,-252,-55,-14,-35,-6,-61,-966,-152;
-10,-251,-58,-17,-39,-4,-56,-972,-154;
-8,-251,-57,-20,-43,-6,-64,-969,-156;
-9,-252,-55,-21,-45,-5,-66,-970,-153;
-11,-252,-56,-20,-49,-8,-62,-969,-151;
-10,-253,-54,-21,-51,-7,-60,-971,-159;
-7,-251,-60,-21,-53,-10,-60,-968,-153;
-8,-250,-57,-22,-53,-8,-60,-963,-155;
-10,-252,-60,-21,-53,-9,-50,-966,-151;
-8,-252,-56,-22,-56,-7,-59,-969,-154;
-6,-251,-58,-24,-56,-9,-58,-966,-151;
-6,-251,-56,-22,-60,-6,-49,-968,-152;
-7,-253,-57,-21,-61,-9,-49,-970,-150;
-7,-252,-56,-21,-63,-8,-52,-964,-157;
-3,-252,-56,-23,-62,-11,-49,-967,-154;
-7,-253,-60,-25,-64,-9,-42,-967,-149;
-5,-251,-55,-28,-65,-12,-45,-976,-149;
-6,-252,-59,-30,-67,-12,-50,-973,-155;
-5,-250,-58,-31,-70,-14,-45,-976,-145;
-7,-249,-56,-33,-70,-11,-50,-970,-152;
-5,-251,-57,-32,-73,-14,-46,-972,-148;
-4,-251,-55,-35,-73,-12,-50,-967,-147;
-5,-249,-54,-35,-74,-13,-44,-971,-145;
-5,-250,-55,-36,-76,-10,-49,-970,-144;
-5,-251,-58,-36,-77,-12,-50,-967,-138;
-6,-251,-53,-35,-78,-9,-50,-961,-142;
-6,-251,-54,-36,-80,-12,-51,-965,-144;
-7,-251,-55,-37,-81,-10,-57,-963,-144;
-8,-250,-55,-37,-85,-12,-57,-958,-142;
-9,-249,-55,-41,-88,-10,-58,-966,-144;
-6,-250,-53,-44,-90,-13,-56,-965,-141;
-6,-248,-50,-49,-91,-11,-60,-968,-138;
-9,-249,-50,-51,-93,-13,-62,-969,-141;
-8,-249,-51,-52,-95,-12,-60,-966,-137;
-11,-249,-50,-53,-95,-15,-61,-973,-137;
-8,-252,-56,-50,-96,-14,-59,-966,-139;
-5,-252,-55,-47,-96,-14,-57,-966,-140;
-8,-252,-52,-45,-96,-14,-58,-971,-140;
-8,-250,-55,-45,-96,-16,-55,-968,-140;
-7,-251,-55,-43,-96,-15,-55,-967,-144;
-10,-251,-55,-44,-98,-17,-52,-967,-146;
-10,-253,-56,-45,-99,-16,-60,-966,-149;
-6,-253,-58,-45,-101,-18,-58,-967,-144;
-10,-248,-57,-45,-102,-17,-55,-967,-140;
-8,-254,-56,-45,-104,-17,-60,-973,-146;
-10,-251,-55,-44,-107,-17,-58,-973,-144;
-5,-253,-55,-42,-109,-17,-65,-977,-141;
-10,-253,-56,-41,-114,-17,-60,-976,-143;
-11,-255,-56,-39,-117,-18,-61,-973,-143;
-9,-253,-57,-39,-121,-16,-62,-975,-142;
-7,-251,-54,-36,-124,-16,-66,-976,-138;
-10,-249,-55,-34,-127,-15,-62,-973,-146;
-10,-251,-56,-31,-130,-15,-70,-975,-143;
-8,-255,-56,-27,-133,-15,-67,-970,-149;
-12,-251,-57,-26,-136,-14,-68,-967,-151;
-8,-251,-55,-25,-138,-13,-70,-968,-154;
-8,-252,-57,-25,-144,-10,-70,-967,-156;
-9,-252,-56,-26,-149,-10,-74,-962,-164;
-10,-251,-57,-29,-155,-7,-68,-964,-157;
-9,-252,-57,-35,-157,-7,-67,-971,-157;
-10,-250,-58,-37,-159,-4,-67,-969,-156;
-11,-251,-56,-38,-161,-5,-62,-969,-155;
-9,-250,-56,-37,-162,-2,-65,-972,-152;
-8,-253,-53,-37,-162,-4,-60,-970,-156;
-9,-254,-59,-33,-163,-1,-60,-969,-149;
-7,-254,-55,-30,-163,-3,-62,-967,-151;
-9,-251,-63,-26,-164,0,-56,-970,-147;
-9,-250,-59,-25,-165,-3,-58,-968,-151;
-11,-253,-55,-24,-166,0,-60,-968,-159;
-9,-254,-57,-23,-166,-3,-61,-967,-156;
-10,-249,-56,-22,-167,-1,-57,-960,-156;
-7,-252,-57,-22,-168,-2,-59,-969,-158;
-7,-249,-58,-21,-169,2,-57,-962,-165;
-8,-252,-62,-22,-168,-2,-62,-965,-161;
-10,-250,-58,-25,-167,1,-62,-966,-165;
-10,-251,-58,-26,-167,-4,-65,-965,-165;
-10,-250,-56,-27,-166,-1,-64,-966,-156;
-8,-253,-57,-28,-166,-4,-63,-970,-160;
-8,-251,-57,-28,-165,-3,-62,-973,-158;
-11,-251,-57,-25,-164,-5,-63,-975,-152;
-8,-254,-60,-26,-162,-2,-61,-974,-161;
-8,-250,-60,-24,-159,-4,-61,-971,-163;
-8,-252,-59,-26,-157,-1,-60,-965,-168;
-8,-251,-58,-24,-156,-2,-62,-968,-164;
-7,-250,-58,-26,-156,1,-57,-974,-166;
-6,-249,-59,-26,-155,-1,-57,-966,-169;
-8,-249,-62,-29,-154,2,-58,-962,-172;
-8,-248,-59,-31,-154,1,-60,-965,-169;
-10,-252,-63,-34,-154,4,-58,-962,-168;
-10,-249,-60,-41,-155,-1,-57,-964,-170;
-7,-252,-62,-45,-156,1,-61,-965,-168;
-8,-250,-60,-48,-158,-1,-64,-968,-166;
-6,-248,-58,-50,-158,-1,-59,-959,-164;
-11,-249,-56,-51,-157,-4,-68,-965,-162;
-11,-249,-57,-52,-160,-2,-69,-968,-161;
-9,-253,-58,-52,-162,-4,-72,-971,-159;
-11,-252,-57,-55,-162,-3,-78,-966,-156;
-11,-254,-57,-56,-161,-4,-78,-967,-153;
-12,-251,-57,-56,-162,-1,-81,-965,-162;
-11,-250,-57,-55,-164,-1,-81,-965,-158;
-12,-252,-60,-55,-166,3,-76,-965,-156;
-11,-250,-56,-55,-168,3,-78,-966,-163;
-10,-250,-59,-58,-168,5,-79,-966,-160;
-10,-251,-57,-58,-169,5,-75,-967,-163;
-11,-247,-57,-61,-169,5,-72,-964,-155;
-12,-250,-58,-62,-173,6,-72,-968,-161;
-11,-251,-56,-63,-175,6,-75,-970,-152;
-12,-252,-53,-61,-175,5,-70,-973,-154;
-12,-250,-56,-57,-177,4,-69,-970,-148;
-11,-251,-57,-52,-175,1,-75,-967,-159;
-11,-254,-57,-52,-175,-1,-75,-973,-153;
-11,-253,-59,-51,-175,-2,-75,-970,-149;
-10,-253,-58,-50,-177,-3,-76,-967,-157;
-12,-249,-56,-52,-175,-4,-71,-970,-156;
-12,-253,-58,-54,-174,-5,-72,-967,-156;
-14,-251,-57,-56,-175,-7,-71,-970,-161;
-11,-252,-60,-58,-177,-12,-75,-962,-157;
-11,-251,-57,-58,-176,-11,-73,-966,-156;
-11,-248,-57,-58,-173,-14,-66,-967,-154;
-10,-251,-58,-58,-171,-14,-72,-969,-159;
-11,-251,-55,-56,-170,-18,-73,-967,-155;
-11,-250,-55,-55,-170,-19,-68,-965,-155;
-12,-250,-57,-53,-175,-23,-72,-969,-152;
-12,-250,-62,-51,-176,-24,-70,-972,-153;
-12,-252,-57,-48,-176,-26,-66,-971,-151;
-10,-253,-58,-44,-175,-25,-69,-972,-154;
-8,-248,-56,-39,-173,-28,-68,-973,-152;
-10,-253,-57,-33,-173,-27,-73,-970,-150;
-9,-251,-57,-29,-174,-30,-64,-969,-152;
-9,-251,-56,-25,-174,-29,-69,-970,-150;
-10,-248,-55,-25,-175,-32,-62,-969,-153;
-8,-252,-57,-25,-176,-31,-66,-966,-155;
-6,-250,-58,-23,-173,-35,-66,-961,-157;
-11,-250,-58,-26,-172,-32,-62,-962,-156;
-8,-250,-57,-26,-168,-36,-63,-959,-160;
-10,-247,-58,-27,-163,-35,-61,-959,-165;
-8,-246,-59,-27,-158,-39,-60,-960,-161;
-8,-247,-56,-29,-156,-36,-60,-957,-160;
-8,-250,-61,-32,-154,-41,-57,-956,-160;
-6,-248,-57,-35,-149,-39,-61,-957,-160;
-8,-250,-59,-37,-145,-42,-59,-959,-156;
-9,-247,-59,-41,-143,-41,-59,-957,-155;
-10,-250,-59,-44,-138,-44,-60,-961,-154;
-6,-250,-59,-45,-134,-40,-58,-960,-157;
-9,-247,-56,-42,-130,-43,-59,-966,-158;
-10,-250,-59,-41,-126,-40,-62,-964,-157;
-9,-250,-55,-42,-122,-40,-63,-961,-155;
-5,-251,-57,-41,-119,-37,-56,-959,-160;
-7,-250,-57,-42,-118,-37,-59,-960,-162;
-7,-253,-59,-41,-111,-33,-57,-969,-158;
-5,-254,-57,-43,-108,-34,-55,-968,-155;
-8,-252,-58,-40,-103,-30,-60,-972,-160;
-8,-253,-58,-39,-98,-30,-58,-972,-157;
-8,-253,-56,-37,-91,-25,-59,-971,-162;
-9,-251,-55,-36,-87,-24,-61,-976,-163;
-9,-253,-57,-32,-83,-22,-62,-971,-156;
-11,-254,-58,-27,-79,-23,-61,-972,-162;
-6,-255,-60,-25,-73,-22,-61,-971,-159;
-9,-253,-55,-21,-69,-22,-65,-969,-160;
-10,-252,-57,-18,-62,-18,-61,-970,-163;
-10,-254,-60,-16,-56,-20,-63,-971,-167;
-9,-253,-56,-15,-53,-17,-65,-973,-166;
-10,-253,-61,-12,-48,-19,-63,-970,-168;
-8,-252,-58,-11,-44,-17,-64,-970,-165;
-8,-251,-60,-11,-41,-18,-60,-971,-167;
-5,-251,-57,-13,-37,-16,-65,-971,-167;
-11,-253,-63,-13,-34,-15,-66,-970,-167;
-10,-251,-56,-12,-31,-13,-70,-969,-167;
-12,-248,-59,-11,-28,-12,-67,-967,-168;
-11,-249,-57,-11,-24,-10,-67,-970,-167;
-9,-251,-61,-10,-18,-8,-64,-974,-167;
-11,-251,-60,-10,-16,-6,-61,-969,-168;
-10,-251,-62,-9,-12,-5,-65,-965,-166;
-11,-252,-63,-9,-11,-2,-65,-968,-170;
-9,-249,-59,-11,-8,0,-66,-967,-171;
-8,-249,-60,-15,-4,0,-65,-960,-169;
-10,-247,-61,-16,0,3,-66,-961,-169;
-8,-249,-59,-22,1,2,-61,-960,-173;
-11,-248,-59,-24,4,3,-67,-962,-169;
-9,-250,-57,-27,3,3,-70,-963,-166;
-12,-249,-60,-31,4,3,-73,-967,-171;
-9,-253,-61,-31,5,3,-74,-963,-172;
-11,-252,-57,-31,7,5,-72,-967,-165;
-11,-251,-62,-29,8,2,-72,-962,-167;
-11,-249,-57,-26,7,3,-74,-965,-163;
-9,-251,-57,-23,9,1,-73,-968,-163;
-12,-252,-57,-17,10,4,-80,-967,-162;
-12,-252,-57,-14,12,2,-75,-971,-167;
-13,-252,-58,-9,9,5,-78,-974,-166;
-11,-251,-60,-6,8,4,-83,-969,-164;
-12,-250,-58,-3,7,7,-79,-971,-166;
-12,-255,-59,1,4,7,-82,-969,-164;
-11,-252,-61,5,4,10,-81,-972,-163;
-11,-253,-58,9,1,9,-79,-968,-167;
-13,-250,-57,12,-1,13,-77,-968,-164;
-10,-252,-59,14,0,11,-73,-964,-160;
-11,-252,-59,14,-1,14,-74,-969,-169;
-12,-251,-57,13,-3,10,-78,-965,-161;
-12,-250,-59,11,-4,15,-77,-965,-161;
-12,-249,-59,9,-3,15,-80,-957,-159;
-11,-252,-57,11,-3,16,-76,-961,-162;
-12,-252,-59,12,-4,16,-103,-958,-161;
-9,-250,-55,13,-3,23,-68,-968,-153;
-8,-254,-56,16,-2,15,-71,-964,-155;
-12,-250,-57,16,0,16,-77,-964,-153;
-12,-249,-56,18,0,14,-74,-966,-158;
-11,-250,-57,16,0,16,-73,-961,-159;
-11,-248,-58,14,-1,12,-75,-960,-160;
-12,-247,-60,11,-2,14,-73,-963,-157;
-12,-249,-57,7,-3,12,-70,-965,-155;
-12,-249,-56,3,-4,16,-69,-969,-158;
-8,-251,-58,2,-3,13,-66,-966,-161;
-11,-249,-57,0,-3,16,-68,-961,-158;
-10,-250,-56,-2,-4,15,-69,-965,-156;
-6,-251,-57,-2,-3,18,-64,-966,-157;
-8,-250,-55,-2,-3,18,-57,-966,-161;
-11,-251,-59,0,0,21,-62,-965,-157;
-10,-250,-58,3,2,19,-60,-966,-159;
-7,-252,-58,4,4,21,-63,-963,-155;
-13,-251,-58,6,5,21,-86,-959,-161;
-5,-250,-57,9,10,26,-52,-965,-159;
-11,-251,-56,8,13,22,-64,-965,-157;
-9,-250,-54,5,15,22,-61,-968,-156;
-10,-248,-59,4,15,21,-60,-968,-156;
-8,-252,-56,2,16,21,-62,-968,-154;
-8,-252,-57,0,16,20,-65,-967,-159;
-10,-252,-58,-1,19,22,-62,-966,-153;
-7,-252,-56,-4,22,21,-65,-973,-150;
-10,-252,-55,-4,25,21,-64,-967,-154;
-9,-251,-55,-5,27,20,-65,-968,-153;
-11,-251,-56,-8,29,19,-68,-971,-154;
-12,-255,-56,-10,30,18,-72,-967,-151;
-11,-254,-55,-10,32,18,-70,-969,-152;
-12,-251,-58,-9,32,17,-72,-972,-150;
-11,-253,-56,-8,33,17,-73,-974,-156;
-9,-254,-54,-5,35,16,-72,-977,-149;
-12,-251,-57,-3,35,14,-71,-975,-146;
-12,-254,-54,-1,36,15,-67,-973,-153;
-11,-251,-57,-1,38,14,-71,-972,-148;
-12,-252,-58,-1,39,17,-90,-971,-156;
-10,-250,-54,-1,40,20,-63,-973,-150;
-11,-255,-56,0,37,17,-72,-972,-151;
-12,-252,-54,0,36,15,-73,-968,-146;
-12,-255,-60,0,36,15,-72,-970,-152;
-12,-253,-54,2,33,14,-75,-970,-151;
-10,-254,-54,3,30,15,-74,-965,-147;
-12,-248,-57,3,27,13,-76,-968,-150;
-11,-250,-57,1,25,14,-75,-965,-149;
-12,-251,-60,3,22,12,-83,-960,-149;
-12,-251,-57,0,21,15,-76,-966,-152;
-12,-248,-56,-3,18,13,-80,-963,-152;
-12,-252,-57,-6,17,14,-85,-966,-153;
-11,-252,-56,-6,16,12,-80,-966,-157;
-12,-250,-56,-7,15,13,-85,-963,-149;
-12,-252,-56,-9,14,10,-83,-969,-151;
-12,-250,-60,-9,13,13,-80,-966,-153;
-12,-247,-57,-9,11,11,-80,-970,-151;
-12,-249,-56,-11,11,11,-85,-962,-152;
-12,-251,-56,-10,9,10,-82,-965,-154;
-13,-250,-57,-9,6,12,-81,-968,-152;
-14,-249,-56,-8,6,12,-80,-965,-157;
-14,-251,-58,-9,2,14,-76,-966,-151;
-11,-253,-57,-7,1,12,-72,-969,-155;
-11,-252,-58,-3,3,13,-73,-967,-151;
-11,-250,-57,-1,3,10,-75,-968,-153;
-11,-254,-57,1,3,13,-75,-971,-148;
-11,-252,-57,3,5,8,-68,-968,-146;
-12,-251,-58,5,5,11,-76,-972,-152;
-12,-253,-54,4,6,9,-83,-969,-153;
-9,-251,-57,7,5,15,-64,-969,-149;
-11,-249,-57,11,4,6,-75,-965,-150;
-13,-250,-56,11,3,8,-77,-964,-154;
-11,-250,-57,11,3,6,-77,-969,-152;
-13,-249,-57,11,1,7,-78,-965,-152;
-11,-253,-56,11,1,5,-79,-966,-158;
-13,-249,-57,10,2,6,-76,-967,-153;
-11,-249,-54,10,1,5,-81,-965,-154;
-12,-249,-57,11,0,7,-80,-966,-150;
-12,-252,-57,12,0,4,-78,-966,-153;
-11,-255,-55,9,-1,5,-82,-967,-159;
-11,-252,-55,12,-2,2,-76,-971,-155;
-12,-251,-59,12,-2,5,-76,-967,-157;
-12,-253,-57,11,-3,1,-76,-964,-153;
-12,-250,-53,11,-3,1,-75,-966,-155;
-14,-251,-59,9,-4,-1,-74,-972,-152;
-16,-249,-56,8,-3,-3,-77,-969,-153;
-14,-250,-55,7,-3,-3,-81,-970,-151;
-14,-253,-53,9,-2,-3,-79,-972,-150;
-12,-253,-57,8,-5,-5,-79,-970,-147;
-12,-253,-55,10,-6,-4,-80,-976,-149;
-12,-252,-55,12,-7,-6,-86,-974,-143;
-10,-253,-56,15,-8,-4,-78,-973,-147;
-12,-252,-55,19,-6,-5,-80,-968,-150;
-13,-252,-54,21,-6,-5,-83,-976,-153;
-11,-253,-57,21,-5,-5,-75,-968,-153;
-14,-251,-56,19,-6,-5,-76,-967,-153;
-12,-252,-57,19,-5,-6,-77,-967,-154;
-11,-252,-57,16,-4,-5,-74,-966,-155;
-11,-254,-58,13,-4,-7,-74,-967,-152;
-11,-249,-62,13,-2,-9,-75,-967,-149;
-11,-250,-56,11,-2,-10,-74,-964,-158;
-11,-250,-59,8,-1,-9,-71,-965,-159;
-11,-249,-55,5,0,-9,-75,-964,-157;
-12,-249,-56,0,1,-11,-75,-961,-159;
-11,-251,-57,-5,3,-11,-79,-960,-154;
-14,-248,-59,-8,5,-11,-71,-964,-158;
-12,-250,-62,-10,6,-10,-77,-962,-156;
-13,-250,-57,-11,9,-12,-74,-969,-156;
-12,-248,-58,-11,11,-10,-74,-961,-153;
-12,-249,-56,-10,13,-13,-77,-969,-155;
-12,-252,-55,-10,16,-13,-73,-969,-153;
-12,-252,-54,-9,20,-12,-75,-971,-152;
-12,-252,-56,-10,22,-11,-73,-975,-150;
-12,-253,-55,-9,27,-13,-75,-971,-151;
-11,-254,-54,-9,30,-11,-76,-972,-149;
-11,-254,-60,-7,34,-13,-78,-969,-146;
-9,-250,-58,-4,35,-9,-79,-972,-145;
-11,-255,-56,-3,40,-9,-75,-968,-148;
-11,-251,-57,0,41,-5,-82,-965,-151;
-12,-255,-57,0,45,-6,-79,-966,-149;
-12,-252,-56,2,47,-3,-76,-959,-148;
-12,-248,-57,3,50,-3,-77,-965,-149;
-10,-250,-56,2,50,0,-79,-958,-149;
-13,-252,-56,1,53,-3,-83,-964,-156;
-12,-250,-53,0,53,1,-85,-965,-153;
-13,-249,-61,-1,54,-2,-86,-965,-149;
-14,-251,-55,-1,52,-1,-87,-967,-152;
-13,-250,-57,-1,53,-4,-92,-964,-147;
-16,-249,-54,-1,53,-3,-91,-966,-149;
-14,-249,-55,1,53,-4,-89,-965,-141;
-14,-250,-55,2,53,0,-94,-966,-146;
-12,-251,-57,3,55,-2,-96,-964,-139;
-14,-251,-53,3,58,2,-100,-964,-146;
-13,-249,-52,2,58,0,-101,-964,-142;
-12,-249,-58,2,59,3,-95,-965,-141;
-14,-251,-53,-1,59,0,-95,-964,-148;
-13,-251,-55,-5,61,3,-93,-972,-138;
-16,-254,-54,-7,62,0,-94,-970,-146;
-13,-250,-54,-11,62,3,-90,-972,-143;
-14,-252,-54,-10,63,2,-87,-974,-142;
-16,-255,-52,-9,62,4,-92,-973,-144;
-15,-253,-51,-3,61,1,-88,-971,-139;
-12,-254,-52,3,61,5,-93,-970,-140;
-14,-254,-57,11,61,2,-89,-969,-139;
-14,-250,-55,18,59,5,-97,-970,-143;
-15,-252,-54,23,58,2,-94,-970,-140;
-12,-250,-53,25,57,3,-96,-968,-142;
-12,-252,-55,25,55,1,-98,-962,-143;
-16,-248,-55,20,54,3,-92,-967,-145;
-15,-251,-55,14,54,3,-94,-962,-146;
-14,-251,-56,8,53,5,-97,-962,-147;
-14,-250,-58,-1,52,3,-92,-964,-142;
-13,-251,-55,-8,53,4,-92,-969,-145;
-12,-252,-53,-13,54,3,-94,-961,-145;
-17,-241,-55,-18,55,7,-127,-959,-144;
-8,-245,-59,-18,55,8,-82,-971,-139;
-9,-252,-63,-20,55,3,-96,-959,-147;
-16,-264,-57,-22,56,2,-92,-959,-147;
-18,-258,-54,-22,54,1,-91,-963,-142;
-15,-258,-71,-22,54,1,-90,-965,-143;
-13,-251,-43,-22,54,-1,-92,-968,-143;
-13,-247,-55,-23,54,-2,-92,-967,-139;
-12,-250,-54,-22,52,-2,-95,-974,-139;
-12,-256,-55,-20,53,-3,-92,-971,-145;
-16,-252,-55,-19,54,-3,-93,-973,-145;
-13,-253,-56,-17,52,-2,-92,-974,-143;
-18,-251,-55,-15,52,-3,-91,-972,-147;
-12,-253,-52,-13,54,-1,-87,-970,-148;
-12,-251,-57,-11,57,-3,-89,-972,-142;
-12,-255,-54,-11,58,-1,-93,-972,-148;
-12,-252,-54,-10,58,0,-89,-965,-144;
-13,-251,-54,-10,57,0,-84,-961,-150;
-16,-251,-55,-12,57,-1,-89,-962,-146;
-12,-248,-53,-13,56,0,-93,-964,-149;
-12,-249,-56,-17,56,-3,-90,-967,-148;
-16,-249,-53,-19,57,-2,-92,-964,-145;
-13,-251,-55,-22,55,-5,-94,-965,-147;
-13,-253,-54,-25,57,-5,-98,-971,-145;
-14,-253,-56,-27,56,-8,-97,-967,-148;
-13,-252,-51,-28,57,-6,-95,-974,-147;
-12,-254,-53,-27,57,-9,-90,-970,-150;
-12,-257,-59,-23,61,-6,-90,-979,-149;
-13,-254,-58,-18,63,-6,-91,-975,-145;
-12,-252,-56,-13,67,-3,-86,-981,-150;
-12,-251,-55,-11,67,-2,-84,-967,-149;
-13,-252,-58,-10,70,3,-82,-971,-150;
-12,-251,-58,-12,72,1,-81,-965,-146;
-12,-252,-56,-14,72,4,-81,-958,-147;
-12,-252,-55,-15,71,2,-81,-965,-149;
-12,-249,-55,-15,72,4,-88,-959,-147;
-14,-251,-55,-18,71,1,-90,-957,-149;
-13,-250,-55,-19,69,3,-86,-964,-139;
-12,-253,-54,-19,70,-1,-92,-966,-143;
-12,-250,-54,-17,69,3,-91,-961,-143;
-17,-250,-53,-17,68,-1,-93,-961,-139;
-17,-250,-52,-17,68,0,-96,-961,-138;
-15,-251,-56,-18,66,-2,-96,-966,-138;
-17,-252,-55,-17,66,-1,-96,-962,-141;
-14,-252,-54,-19,65,-3,-98,-967,-145;
-16,-248,-58,-21,65,0,-98,-967,-142;
-14,-251,-55,-20,64,-2,-97,-969,-142;
-14,-251,-55,-20,65,0,-98,-970,-149;
-13,-250,-57,-20,63,-1,-99,-968,-144;
-15,-254,-55,-20,63,2,-97,-969,-149;
-16,-252,-54,-22,64,1,-95,-967,-147;
-18,-249,-56,-24,64,3,-92,-967,-151;
-12,-253,-56,-25,62,0,-86,-971,-149;
-10,-254,-57,-26,65,0,-89,-971,-149;
-14,-252,-57,-26,65,1,-91,-973,-149;
-12,-252,-55,-24,64,1,-89,-969,-148;
-12,-251,-52,-24,64,-1,-91,-969,-150;
-14,-249,-57,-23,61,0,-93,-965,-143;
-13,-252,-55,-23,60,-2,-93,-970,-147;
-15,-248,-55,-24,58,0,-97,-968,-146;
-14,-251,-56,-25,56,-3,-89,-963,-146;
-17,-249,-56,-23,54,0,-94,-964,-148;
-14,-250,-55,-25,55,-1,-91,-963,-150;
-16,-250,-58,-23,56,0,-95,-966,-154;
-14,-250,-57,-22,55,-1,-88,-963,-145;
-13,-253,-56,-22,56,-2,-95,-967,-148;
-12,-250,-54,-21,55,-2,-88,-973,-147;
-12,-251,-52,-21,53,-1,-93,-962,-144;
-14,-253,-56,-18,52,-3,-91,-963,-143;
-15,-249,-53,-16,50,-4,-97,-968,-144;
-15,-252,-54,-14,49,-3,-92,-975,-144;
-12,-255,-55,-13,47,-3,-84,-971,-144;
-15,-252,-54,-12,47,-3,-86,-968,-148;
-14,-251,-55,-11,49,-3,-86,-970,-144;
-12,-250,-54,-9,51,-1,-87,-969,-147;
-13,-250,-53,-6,53,-1,-84,-969,-147;
-13,-251,-54,-5,54,0,-83,-967,-150;
-12,-252,-57,-3,58,-1,-86,-965,-157;
-12,-252,-56,-5,59,0,-79,-968,-155;
-12,-249,-56,-7,60,-2,-83,-962,-151;
-12,-251,-57,-10,61,-1,-86,-968,-151;
-11,-253,-58,-12,62,-3,-77,-967,-155;
-11,-253,-56,-11,62,-2,-77,-967,-154;
-12,-252,-57,-12,65,-4,-75,-969,-144;
-11,-254,-57,-11,66,-4,-78,-971,-149;
-12,-253,-58,-11,66,-6,-76,-976,-151;
-12,-250,-57,-12,67,-7,-77,-969,-147;
-12,-251,-57,-8,67,-9,-78,-968,-149;
-13,-249,-55,-5,67,-7,-81,-973,-155;
-12,-250,-55,-4,66,-9,-82,-971,-148;
-11,-251,-55,0,66,-7,-85,-966,-153;
-14,-251,-57,0,64,-9,-83,-969,-154;
-16,-251,-54,-1,65,-6,-87,-968,-153;
-11,-252,-57,0,65,-8,-85,-963,-151;
-13,-251,-54,-1,64,-5,-91,-968,-152;
-14,-252,-55,-2,66,-9,-90,-961,-153;
-14,-247,-55,-5,66,-7,-91,-963,-156;
-15,-249,-56,-7,63,-10,-94,-966,-150;
-15,-250,-55,-11,62,-8,-96,-965,-151;
-15,-250,-56,-14,60,-10,-95,-965,-152;
-13,-252,-56,-16,60,-8,-92,-966,-146;
-13,-253,-53,-16,59,-10,-98,-971,-152;
-14,-251,-56,-15,57,-10,-93,-971,-146;
-14,-252,-54,-14,55,-12,-93,-969,-143;
-13,-253,-57,-12,54,-9,-93,-974,-147;
-12,-255,-57,-10,55,-12,-97,-966,-150;
-12,-255,-56,-8,57,-10,-92,-973,-151;
-13,-249,-56,-8,57,-13,-92,-968,-165;
-12,-252,-64,-9,56,-11,-91,-957,-183;
-11,-250,-54,-11,57,-15,-88,-967,-136;
-14,-253,-55,-13,55,-13,-89,-969,-161;
-12,-250,-58,-16,55,-16,-91,-966,-150;
-12,-253,-55,-15,55,-12,-88,-966,-138;
-11,-252,-55,-16,59,-14,-83,-965,-145;
-13,-249,-55,-16,63,-13,-92,-963,-144;
-12,-252,-56,-16,66,-13,-90,-965,-147;
-14,-249,-57,-20,68,-14,-90,-962,-149;
-13,-252,-55,-28,68,-16,-92,-968,-145;
-13,-255,-55,-32,69,-15,-97,-968,-151;
-14,-251,-55,-33,70,-17,-89,-969,-147;
-14,-252,-56,-34,70,-15,-90,-966,-146;
-12,-250,-54,-32,71,-17,-88,-966,-145;
-13,-249,-56,-31,73,-16,-90,-964,-151;
-12,-252,-56,-28,76,-16,-92,-969,-154;
-12,-249,-62,-26,79,-14,-88,-963,-152;
-13,-251,-59,-25,80,-14,-87,-965,-152;
-12,-250,-56,-25,80,-12,-91,-964,-151;
-14,-253,-56,-24,81,-12,-91,-966,-150;
-12,-250,-53,-23,82,-10,-87,-967,-146;
-12,-254,-59,-21,85,-11,-78,-971,-145;
-12,-251,-53,-19,86,-8,-83,-971,-141;
-15,-254,-54,-18,89,-9,-83,-972,-140;
-15,-253,-55,-15,88,-9,-87,-970,-142;
-12,-251,-55,-16,88,-8,-89,-974,-141;
-14,-254,-58,-15,89,-8,-95,-975,-141;
-12,-252,-56,-16,89,-8,-93,-974,-149;
-13,-252,-55,-15,89,-9,-91,-974,-143;
-13,-252,-56,-15,91,-9,-98,-978,-146;
-13,-251,-57,-15,92,-9,-90,-971,-143;
-16,-249,-56,-13,92,-8,-97,-973,-140;
-15,-252,-57,-12,91,-8,-99,-970,-146;
-15,-250,-56,-14,91,-7,-96,-967,-145;
-13,-251,-53,-14,91,-6,-101,-966,-145;
-13,-248,-56,-13,88,-5,-99,-966,-140;
-15,-252,-54,-13,88,-6,-96,-968,-139;
-14,-251,-55,-12,87,-5,-94,-968,-138;
-18,-253,-54,-11,86,-7,-99,-967,-140;
-14,-249,-53,-9,85,-5,-93,-971,-139;
-14,-251,-53,-8,84,-6,-94,-964,-135;
-16,-248,-53,-9,82,-4,-95,-968,-140;
-13,-252,-54,-8,80,-6,-97,-970,-137;
-14,-250,-55,-7,80,-3,-100,-967,-144;
-16,-251,-54,-6,80,-6,-98,-968,-142;
-14,-249,-52,-6,76,-2,-91,-967,-142;
-13,-247,-56,-7,74,-6,-91,-969,-143;
-17,-250,-54,-9,72,-3,-94,-964,-144;
-16,-252,-54,-12,71,-7,-92,-962,-142;
-14,-250,-54,-15,71,-4,-90,-967,-140;
-15,-252,-53,-17,70,-6,-93,-964,-141;
-13,-252,-54,-20,68,-4,-93,-968,-140;
-13,-252,-53,-19,69,-7,-94,-970,-139;
-12,-255,-54,-21,69,-5,-92,-966,-142;
-16,-251,-53,-20,69,-8,-91,-971,-143;
-13,-254,-55,-18,68,-6,-94,-967,-146;
-12,-252,-54,-17,68,-6,-85,-969,-141;
-13,-255,-53,-14,67,-3,-83,-971,-143;
-12,-252,-56,-12,67,-5,-91,-969,-147;
-12,-252,-56,-9,67,-2,-90,-969,-140;
-12,-252,-56,-6,65,-3,-89,-976,-140;
-14,-252,-53,-1,62,-2,-93,-975,-144;
-15,-253,-54,1,58,-5,-88,-974,-142;
-13,-253,-57,2,57,-2,-85,-961,-145;
-15,-252,-55,5,56,-7,-83,-969,-148;
-12,-250,-53,5,56,-3,-86,-966,-145;
-13,-254,-54,3,56,-5,-88,-970,-147;
-12,-251,-52,2,57,-3,-90,-972,-152;
-13,-250,-56,0,59,-4,-83,-968,-155;
-12,-251,-59,0,61,0,-86,-965,-154;
-14,-253,-58,-2,63,-2,-81,-969,-156;
-12,-250,-56,-6,65,2,-82,-974,-158;
-13,-252,-56,-8,65,0,-79,-973,-159;
-12,-248,-57,-8,67,2,-81,-966,-156;
-12,-252,-58,-9,68,2,-77,-971,-154;
-12,-252,-58,-6,68,2,-78,-968,-152;
-12,-251,-58,-6,69,2,-75,-966,-149;
-11,-252,-56,-3,70,3,-81,-964,-148;
-12,-250,-55,-1,70,0,-78,-967,-150;
-12,-251,-57,-1,69,2,-81,-968,-148;
-13,-248,-56,-2,71,-1,-77,-967,-147;
-13,-253,-54,-3,74,-1,-85,-967,-148;
-13,-252,-59,-5,76,-2,-78,-969,-150;
-12,-251,-55,-6,78,-1,-75,-966,-148;
-13,-253,-56,-5,82,0,-79,-969,-149;
-12,-253,-56,-6,85,-1,-84,-966,-151;
-14,-249,-55,-7,85,0,-82,-966,-147;
-12,-252,-56,-8,85,-2,-82,-962,-149;
-12,-248,-56,-10,83,-4,-78,-965,-152;
-12,-250,-55,-10,81,-4,-87,-967,-148;
-14,-252,-56,-12,79,-6,-86,-964,-150;
-12,-250,-54,-12,76,-8,-81,-965,-153;
-14,-250,-56,-9,77,-9,-87,-968,-147;
-12,-250,-55,-9,76,-10,-87,-966,-149;
-12,-252,-54,-7,75,-9,-85,-966,-145;
-15,-249,-56,-6,76,-11,-89,-969,-148;
-12,-251,-53,-3,73,-8,-87,-965,-148;
-13,-252,-58,-2,75,-10,-88,-963,-152;
-12,-247,-56,0,76,-8,-85,-966,-151;
-12,-251,-58,-1,76,-8,-83,-960,-154;
-12,-249,-56,-3,77,-5,-81,-967,-153;
-11,-249,-54,-5,78,-6,-86,-961,-151;
-12,-251,-57,-9,79,-4,-81,-963,-153;
-12,-251,-55,-13,79,-7,-86,-964,-152;
-14,-251,-56,-16,79,-5,-83,-971,-148;
-12,-250,-58,-16,80,-6,-82,-968,-152;
-12,-254,-57,-17,79,-4,-79,-974,-147;
-12,-252,-56,-14,78,-7,-79,-974,-150;
-12,-253,-57,-10,77,-4,-73,-971,-144;
-13,-254,-56,-7,78,-7,-80,-968,-145;
-12,-252,-56,-3,80,-5,-78,-972,-147;
-11,-250,-54,-2,81,-8,-77,-966,-149;
-12,-250,-56,-2,81,-6,-74,-968,-147;
-12,-252,-57,-2,82,-7,-73,-962,-148;
-12,-249,-51,-4,83,-5,-74,-970,-145;
-12,-251,-54,-4,84,-8,-80,-958,-147;
-12,-251,-58,-4,84,-7,-77,-965,-148;
-12,-252,-57,-6,86,-9,-73,-966,-149;
-9,-251,-56,-7,88,-7,-80,-960,-148;
-13,-251,-57,-10,90,-11,-77,-959,-145;
-11,-247,-53,-11,90,-8,-73,-961,-148;
-11,-248,-57,-14,93,-11,-80,-957,-149;
-12,-251,-56,-17,95,-7,-80,-964,-146;
-12,-254,-56,-20,97,-9,-85,-961,-148;
-12,-253,-56,-21,97,-7,-77,-963,-146;
-12,-252,-55,-21,99,-9,-76,-972,-152;
-12,-252,-55,-20,99,-8,-77,-973,-151;
-11,-254,-52,-19,97,-10,-75,-973,-144;
-12,-254,-57,-17,99,-8,-79,-983,-141;
-13,-251,-53,-14,97,-12,-81,-978,-141;
-14,-255,-51,-12,97,-10,-86,-972,-141;
-12,-251,-56,-11,97,-12,-83,-971,-144;
-14,-253,-53,-9,95,-10,-86,-971,-139;
-13,-252,-53,-7,95,-10,-87,-972,-144;
-13,-255,-54,-4,94,-9,-89,-979,-144;
-12,-257,-53,-2,93,-8,-90,-977,-149;
-14,-254,-57,-2,94,-6,-88,-972,-155;
-12,-254,-57,-2,93,-7,-81,-974,-149;
-11,-251,-56,-2,94,-5,-82,-967,-149;
-12,-250,-59,-5,92,-5,-76,-965,-150;
-12,-251,-55,-7,95,-2,-77,-966,-154;
-12,-252,-56,-10,95,-2,-82,-963,-150;
-15,-247,-55,-14,96,-2,-76,-960,-151;
-12,-251,-51,-15,93,-4,-79,-968,-149;
-12,-250,-55,-17,91,-5,-82,-964,-143;
-14,-249,-53,-17,89,-8,-89,-972,-142;
-13,-248,-55,-16,87,-9,-93,-967,-142;
-15,-252,-54,-17,85,-12,-93,-965,-141;
-13,-250,-55,-17,83,-12,-91,-966,-141;
-12,-252,-53,-17,80,-12,-92,-966,-138;
-12,-253,-55,-19,81,-13,-90,-963,-139;
-12,-254,-56,-17,81,-13,-93,-963,-141;
-12,-250,-56,-19,80,-13,-95,-964,-142;
-16,-251,-56,-19,79,-14,-92,-962,-145;
-14,-252,-55,-21,79,-13,-92,-967,-143;
-13,-252,-54,-22,79,-15,-93,-969,-141;
-14,-254,-54,-23,78,-14,-97,-967,-142;
-12,-251,-50,-22,75,-13,-92,-961,-138;
-14,-252,-55,-23,73,-13,-93,-966,-137;
-12,-249,-51,-24,70,-13,-90,-967,-139;
-14,-252,-56,-24,68,-14,-89,-962,-143;
-13,-253,-52,-23,66,-14,-92,-963,-143;
-12,-249,-56,-23,62,-15,-90,-967,-140;
-14,-249,-55,-21,60,-15,-91,-965,-142;
-11,-250,-56,-22,57,-16,-84,-968,-142;
-14,-252,-55,-23,55,-15,-84,-968,-144;
-12,-254,-54,-22,54,-16,-82,-966,-145;
-12,-253,-56,-23,54,-16,-91,-965,-143;
-12,-251,-52,-25,54,-16,-79,-966,-145;
-13,-249,-53,-23,55,-12,-87,-968,-141;
-11,-255,-56,-24,57,-12,-86,-971,-142;
-12,-251,-56,-23,58,-10,-78,-970,-141;
-12,-255,-58,-24,59,-12,-80,-975,-150;
-12,-253,-53,-24,62,-9,-88,-969,-142;
-12,-257,-53,-23,62,-11,-80,-970,-149;
-12,-252,-55,-23,63,-8,-82,-971,-148;
-14,-255,-55,-24,64,-9,-85,-974,-143;
-12,-255,-54,-23,62,-7,-78,-974,-143;
-10,-255,-50,-20,64,-9,-77,-978,-137;
-12,-257,-55,-17,63,-6,-85,-978,-142;
-12,-253,-57,-12,62,-8,-79,-976,-144;
-13,-254,-53,-9,61,-7,-89,-975,-146;
-13,-250,-54,-6,59,-9,-85,-966,-145;
-12,-251,-56,-8,60,-5,-86,-967,-147;
-14,-249,-53,-9,61,-8,-91,-967,-145;
-12,-248,-55,-10,62,-5,-88,-961,-149;
-15,-248,-55,-12,63,-7,-92,-963,-146;
-12,-248,-59,-15,64,-4,-82,-962,-143;
-12,-252,-53,-18,64,-6,-85,-964,-145;
-13,-249,-54,-18,65,-4,-86,-964,-149;
-11,-249,-54,-20,67,-7,-84,-965,-147;
-12,-251,-57,-21,66,-5,-79,-963,-143;
-12,-250,-55,-22,65,-7,-87,-967,-143;
-13,-250,-56,-23,63,-6,-78,-966,-145;
-12,-250,-55,-23,61,-8,-77,-965,-142;
-11,-251,-51,-22,60,-8,-80,-973,-143;
-14,-254,-59,-21,58,-9,-83,-972,-142;
-12,-253,-55,-21,57,-8,-87,-974,-144;
-13,-251,-54,-19,55,-9,-93,-973,-146;
-12,-250,-56,-17,53,-8,-77,-968,-146;
-10,-252,-55,-17,52,-10,-88,-969,-150;
-14,-252,-56,-19,52,-8,-91,-968,-150;
-13,-253,-60,-19,52,-9,-88,-968,-145;
-11,-251,-56,-24,50,-8,-86,-969,-152;
-12,-251,-55,-26,51,-8,-86,-966,-149;
-14,-250,-56,-29,49,-7,-86,-967,-147;
-11,-251,-54,-28,49,-7,-87,-970,-146;
-13,-252,-52,-27,50,-6,-86,-975,-143;
-12,-251,-55,-27,52,-7,-79,-970,-147;
-12,-250,-57,-25,54,-5,-73,-970,-147;
-12,-253,-56,-24,56,-7,-76,-968,-146;
-12,-253,-56,-25,58,-7,-76,-971,-142;
-11,-249,-58,-26,62,-7,-73,-966,-147;
-11,-252,-57,-27,63,-9,-75,-963,-144;
-10,-252,-55,-28,64,-9,-75,-970,-146;
-11,-249,-56,-28,66,-10,-75,-961,-146;
-12,-250,-56,-31,68,-11,-77,-960,-148;
-12,-248,-57,-32,66,-12,-81,-967,-148;
-12,-253,-56,-35,65,-13,-79,-964,-152;
-12,-250,-55,-38,66,-13,-81,-965,-148;
-12,-250,-56,-40,67,-13,-77,-964,-151;
-12,-251,-58,-40,65,-15,-81,-956,-151;
-12,-249,-57,-38,65,-13,-80,-965,-147;
-12,-252,-53,-36,64,-13,-75,-965,-152;
-12,-251,-56,-38,66,-12,-76,-966,-148;
-12,-253,-55,-38,67,-10,-75,-962,-148;
-12,-253,-57,-37,67,-8,-80,-970,-144;
-12,-250,-55,-37,67,-9,-80,-968,-147;
-11,-254,-54,-36,68,-6,-78,-970,-147;
-12,-253,-55,-35,66,-7,-78,-973,-145;
-12,-253,-56,-34,65,-5,-75,-971,-146;
-12,-252,-57,-32,66,-7,-75,-972,-147;
-11,-254,-55,-31,66,-4,-80,-971,-148;
-12,-250,-54,-29,66,-7,-80,-974,-146;
-12,-252,-58,-27,66,-3,-79,-971,-148;
-12,-251,-56,-25,65,-5,-77,-966,-153;
-12,-251,-54,-24,67,-3,-74,-962,-151;
-13,-249,-55,-26,67,-5,-82,-959,-151;
-12,-252,-55,-26,66,-3,-83,-966,-150;
-12,-250,-56,-29,64,-5,-80,-963,-148;
-13,-250,-57,-30,63,-3,-81,-967,-155;
-12,-249,-54,-30,62,-6,-74,-966,-145;
-12,-250,-58,-26,61,-5,-82,-965,-143;
-12,-252,-56,-25,59,-8,-83,-967,-146;
-12,-251,-55,-26,59,-6,-80,-966,-146;
-16,-250,-55,-25,58,-7,-85,-967,-144;
-11,-250,-54,-24,56,-6,-80,-968,-148;
-12,-252,-54,-26,56,-8,-81,-966,-149;
-12,-255,-55,-26,55,-5,-79,-963,-150;
-12,-250,-56,-26,56,-6,-78,-967,-148;
-12,-250,-58,-24,56,-4,-84,-968,-154;
-12,-252,-55,-23,57,-6,-82,-967,-154;
-12,-254,-62,-23,58,-5,-83,-968,-148;
-13,-253,-56,-23,60,-8,-88,-968,-155;
-12,-252,-56,-23,60,-7,-77,-967,-156;
-12,-255,-58,-22,59,-10,-79,-973,-157;
-15,-253,-58,-21,59,-9,-76,-968,-154;
-12,-252,-53,-19,60,-11,-77,-968,-147;
-11,-254,-53,-21,58,-9,-80,-969,-152;
-12,-254,-56,-21,57,-10,-79,-969,-148;
-12,-252,-50,-21,58,-9,-78,-970,-145;
-14,-250,-56,-21,58,-10,-86,-969,-151;
-12,-251,-56,-19,58,-8,-79,-965,-146;
-11,-252,-56,-19,57,-10,-82,-967,-155;
-12,-248,-55,-19,57,-7,-78,-963,-151;
-12,-248,-58,-20,59,-9,-84,-961,-153;
-12,-251,-59,-21,59,-6,-81,-962,-152;
-10,-252,-56,-21,59,-8,-81,-956,-149;
-12,-251,-56,-23,59,-8,-86,-967,-158;
-12,-250,-59,-24,58,-10,-82,-964,-151;
-13,-252,-57,-23,58,-8,-92,-969,-155;
-12,-250,-60,-22,57,-8,-87,-959,-152;
-14,-251,-61,-20,58,-7,-95,-967,-156;
-16,-252,-59,-19,58,-8,-90,-964,-158;
-13,-251,-61,-19,57,-6,-97,-968,-162;
-14,-250,-57,-19,59,-3,-99,-964,-166;
-14,-251,-56,-22,62,-2,-97,-967,-160;
-17,-251,-55,-23,59,0,-97,-966,-160;
-15,-249,-57,-25,58,1,-99,-967,-160;
-18,-249,-60,-26,57,2,-96,-965,-160;
-17,-246,-58,-29,56,1,-101,-961,-157;
-12,-248,-59,-35,55,1,-98,-965,-158;
-16,-249,-55,-40,55,0,-94,-969,-152;
-15,-252,-57,-44,55,-1,-99,-961,-158;
-15,-254,-55,-46,59,-3,-88,-966,-153;
-16,-249,-55,-48,62,-4,-93,-965,-152;
-17,-249,-56,-47,67,-5,-97,-965,-155;
-12,-248,-57,-45,72,-6,-91,-964,-156;
-14,-250,-54,-41,77,-8,-94,-957,-149;
-12,-249,-58,-41,79,-7,-94,-953,-150;
-14,-248,-58,-37,81,-8,-95,-951,-149;
-12,-248,-57,-36,82,-6,-93,-955,-149;
-14,-247,-57,-35,87,-5,-94,-952,-146;
-17,-249,-59,-33,88,-2,-101,-954,-153;
-15,-248,-57,-33,89,0,-99,-953,-151;
-17,-248,-55,-35,90,4,-103,-951,-148;
-20,-247,-55,-39,86,7,-105,-952,-147;
-21,-246,-53,-43,85,12,-108,-947,-148;
-20,-244,-56,-49,81,13,-109,-951,-148;
-16,-245,-54,-57,80,18,-108,-947,-151;
-22,-245,-57,-65,80,20,-109,-949,-160;
-21,-247,-58,-73,81,25,-111,-947,-162;
-19,-244,-60,-83,82,25,-111,-948,-163;
-21,-245,-60,-96,83,31,-109,-948,-164;
-21,-246,-57,-108,86,31,-116,-948,-167;
-22,-247,-59,-120,87,34,-119,-949,-165;
-25,-246,-58,-130,90,33,-122,-951,-164;
-25,-246,-57,-138,92,37,-129,-948,-166;
-26,-247,-58,-142,94,34,-133,-957,-163;
-33,-245,-57,-145,94,35,-139,-956,-156;
-27,-249,-56,-145,95,32,-143,-954,-153;
-30,-251,-57,-141,96,30,-148,-958,-141;
-31,-251,-55,-134,98,26,-152,-962,-135;
-26,-250,-50,-124,105,25,-136,-970,-122;
-23,-252,-48,-115,115,19,-130,-968,-105;
-22,-254,-42,-102,132,18,-118,-971, -92;
-19,-253,-43,-92,147,9,-108,-975, -92;
-18,-252,-35,-85,160,6,-110,-971, -81;
-15,-253,-37,-74,169,-4,-110,-964, -74;
-21,-252,-40,-62,177,-11,-112,-962, -82;
-23,-249,-42,-49,182,-26,-118,-963, -75;
-24,-246,-39,-35,187,-35,-125,-952, -82;
-23,-247,-39,-24,193,-50,-122,-953, -88;
-21,-248,-40,-14,204,-59,-114,-952, -87;
-19,-251,-41,-11,223,-71,-107,-966, -84;
-16,-254,-38,-12,253,-76,-108,-968, -88;
-18,-256,-44,-14,284,-81,-108,-993, -87;
-16,-260,-41,-16,314,-80,-109,-1009, -82;
-15,-262,-35,-17,341,-77,-102,-1019, -75;
-17,-263,-38,-9,363,-72,-104,-1025, -81;
-16,-268,-39,0,378,-65,-105,-1044, -83;
-17,-267,-42,10,391,-52,-100,-1048, -91;
-13,-268,-42,18,404,-42,-98,-1051, -87;
-12,-272,-45,26,413,-30,-92,-1054, -96;
-12,-270,-46,33,420,-22,-90,-1059,-120;
-13,-268,-52,42,427,-12,-93,-1050,-121;
-12,-267,-53,50,431,-9,-88,-1041,-137;
-12,-262,-61,56,436,-7,-92,-1033,-165;
-12,-259,-65,60,438,-10,-83,-1012,-197;
-12,-255,-72,60,439,-15,-75,-977,-217;
-8,-252,-80,51,440,-21,-72,-968,-237;
-8,-247,-84,35,447,-24,-64,-953,-253;
-7,-246,-82,16,453,-27,-58,-941,-263;
-5,-239,-87,-1,465,-31,-47,-925,-277;
-1,-233,-91,-18,482,-34,-33,-909,-290;
0,-229,-94,-37,497,-40,-24,-899,-306;
5,-228,-103,-61,512,-48,-14,-881,-329;
5,-224,-108,-91,527,-58,-4,-874,-343;
10,-217,-112,-132,542,-70,1,-851,-361;
9,-213,-114,-174,556,-80,7,-849,-373;
14,-215,-115,-220,568,-88,11,-837,-379;
16,-210,-115,-264,576,-93,23,-838,-382;
19,-211,-111,-304,583,-91,57,-834,-377;
26,-214,-107,-335,589,-87,74,-837,-366;
34,-215,-106,-356,603,-70,98,-837,-350;
39,-215,-101,-367,619,-52,117,-843,-323;
44,-215,-92,-360,636,-30,136,-850,-311;
50,-223,-91,-343,650,-5,156,-861,-290;
51,-224,-84,-318,660,21,167,-877,-276;
53,-230,-84,-284,662,40,183,-899,-261;
52,-241,-80,-247,657,54,185,-921,-252;
51,-245,-77,-205,641,61,176,-949,-245;
50,-257,-84,-160,616,69,172,-997,-267;
49,-266,-91,-118,588,68,166,-1031,-278;
45,-278,-93,-78,548,60,150,-1075,-302;
44,-292,-99,-44,507,41,137,-1142,-328;
42,-298,-103,-31,462,9,137,-1169,-336;
41,-313,-105,-18,411,-16,128,-1218,-359;
42,-326,-106,-6,374,-43,128,-1260,-357;
40,-329,-105,10,346,-90,121,-1273,-357;
31,-329,-107,29,325,-138,93,-1279,-359;
18,-324,-107,50,309,-189,45,-1263,-349;
8,-316,-100,66,292,-223,14,-1238,-326;
10,-316,-102,79,267,-252,1,-1212,-336;
9,-304,-110,95,247,-275,7,-1187,-362;
9,-295,-111,104,242,-292,0,-1145,-362;
6,-281,-101,108,235,-292,-1,-1103,-340;
9,-269,-94,116,220,-289,1,-1057,-298;
1,-244,-72,123,225,-354,-11,-961,-239;
11,-243,-78,135,142,-323,13,-949,-239;
-3,-232,-62,112,98,-263,-17,-914,-172;
-12,-225,-44,85,75,-258,-80,-872,-112;
-34,-212,-32,57,28,-254,-146,-840, -59;
-42,-209,-14,31,-50,-242,-172,-822,   2;
-45,-203,-5,19,-171,-215,-182,-799,  44;
-51,-207,-2,43,-273,-201,-215,-794,  66;
-62,-207,7,86,-367,-169,-246,-792,  94;
-71,-207,9,160,-464,-127,-279,-786, 111;
-76,-206,8,256,-556,-71,-302,-790, 100;
-77,-205,1,356,-638,-10,-321,-777,  77;
-76,-198,-11,457,-699,59,-315,-755,  36;
-78,-191,-15,550,-742,117,-344,-722,   6;
-83,-182,-30,606,-769,178,-354,-710, -46;
-86,-179,-45,621,-794,240,-354,-700,-103;
-79,-175,-59,605,-816,314,-345,-694,-164;
-73,-171,-77,557,-826,371,-324,-682,-233;
-69,-168,-89,499,-823,428,-286,-665,-290;
-55,-164,-101,432,-809,479,-246,-656,-342;
-44,-167,-115,354,-798,520,-198,-661,-392;
-23,-175,-128,257,-791,542,-132,-696,-446;
-4,-191,-140,144,-783,542,-49,-754,-489;
5,-212,-139,18,-781,509,-10,-831,-509;
9,-231,-130,-112,-786,461,8,-897,-486;
11,-253,-124,-225,-808,404,13,-969,-438;
13,-267,-116,-305,-845,336,22,-1050,-391;
18,-282,-110,-361,-875,287,45,-1101,-364;
27,-298,-107,-374,-890,245,67,-1156,-343;
29,-306,-101,-359,-888,196,87,-1195,-337;
35,-320,-104,-321,-868,139,98,-1218,-337;
33,-324,-96,-275,-840,72,87,-1245,-326;
28,-323,-93,-223,-811,6,70,-1238,-295;
24,-315,-81,-167,-777,-47,59,-1213,-258;
21,-310,-74,-104,-737,-89,45,-1189,-218;
22,-304,-64,-43,-693,-117,42,-1161,-180;
15,-293,-57,7,-650,-140,28,-1148,-152;
11,-293,-53,47,-620,-142,-1,-1129,-138;
-3,-287,-41,67,-588,-127,-40,-1110, -95;
-16,-286,-39,86,-559,-94,-98,-1101, -87;
-30,-284,-35,101,-545,-50,-135,-1113, -73;
-35,-286,-31,117,-555,1,-162,-1113, -53;
-36,-287,-32,128,-574,46,-178,-1119, -47;
-44,-290,-26,127,-592,85,-201,-1123, -30;
-46,-293,-25,126,-608,119,-214,-1137, -30;
-47,-300,-29,131,-616,150,-233,-1155, -41;
-61,-306,-36,142,-618,176,-254,-1173, -57;
-66,-311,-34,153,-622,196,-276,-1189, -81;
-67,-308,-40,162,-618,212,-291,-1191,-101;
-58,-304,-55,167,-611,228,-303,-1190,-119;
-74,-297,-56,168,-610,236,-296,-1169,-135;
-68,-299,-43,162,-610,243,-302,-1152,-142;
-72,-295,-50,143,-621,254,-307,-1124,-134;
-74,-282,-29,120,-645,272,-305,-1096,-116;
-64,-275,-36,105,-681,290,-300,-1071, -81;
-66,-268,-29,108,-729,315,-279,-1043, -53;
-60,-261,-26,126,-792,331,-257,-1008, -37;
-57,-255,-29,154,-836,340,-243,-975, -26;
-57,-246,-19,172,-873,342,-236,-954, -18;
-49,-243,-23,187,-903,348,-230,-918, -14;
-51,-236,-20,205,-919,348,-227,-903, -13;
-48,-231,-24,224,-927,354,-214,-895, -20;
-49,-231,-23,236,-927,349,-228,-888, -25;
-50,-225,-26,248,-920,355,-231,-879, -40;
-48,-225,-33,257,-913,355,-215,-873, -60;
-44,-223,-37,251,-904,358,-210,-865, -81;
-41,-225,-39,232,-892,356,-194,-860, -84;
-37,-215,-40,202,-877,360,-171,-851, -86;
-27,-220,-43,174,-856,354,-142,-852, -85;
-24,-217,-37,144,-823,348,-128,-848, -80;
-21,-221,-37,109,-789,338,-123,-850, -69;
-19,-220,-31,80,-760,335,-107,-853, -52;
-19,-223,-33,58,-736,324,-105,-859, -42;
-12,-226,-26,45,-712,322,-81,-873, -32;
-12,-229,-22,41,-681,315,-82,-876,  -6;
-13,-232,-23,52,-646,316,-83,-886,   8;
-12,-232,-22,67,-610,320,-80,-893,  -3;
-11,-237,-19,80,-582,320,-76,-908,  -4;
-9,-237,-20,92,-553,315,-66,-912,  -1;
-12,-239,-24,106,-525,313,-76,-923, -17;
-14,-239,-27,119,-497,305,-103,-925, -33;
-22,-238,-32,130,-474,304,-111,-921, -48;
-25,-239,-34,135,-454,307,-121,-926, -64;
-26,-242,-34,133,-433,313,-133,-933, -72;
-29,-244,-40,130,-409,314,-147,-944, -82;
-39,-245,-38,119,-388,309,-172,-948, -88;
-48,-250,-37,115,-363,306,-217,-961, -82;
-50,-251,-42,123,-346,316,-234,-963, -86;
-56,-252,-37,139,-333,321,-251,-970, -84;
-62,-253,-37,166,-319,332,-263,-970, -76;
-68,-252,-34,207,-306,341,-281,-966, -68;
-66,-256,-39,258,-290,355,-288,-974, -66;
-67,-259,-40,303,-271,354,-288,-999, -81;
-72,-265,-44,335,-250,351,-325,-1019,-113;
-84,-268,-36,335,-250,365,-360,-1018, -74;
-86,-267,-31,366,-260,384,-366,-1025, -49;
-76,-268,-33,416,-277,420,-338,-1025, -49;
-77,-264,-31,452,-296,436,-340,-1016, -41;
-76,-261,-29,484,-308,442,-317,-1017, -38;
-76,-259,-28,510,-308,443,-331,-1004, -26;
-71,-260,-17,535,-299,456,-319,-1001, -18;
-67,-260,-24,571,-266,462,-295,-1010,  -8;
-79,-259,-27,593,-237,468,-310,-1003, -25;
-79,-260,-24,589,-258,472,-335,-999, -24;
-72,-257,-27,587,-288,480,-316,-989, -28;
-68,-249,-27,579,-310,484,-300,-967, -31;
-63,-251,-24,556,-311,489,-265,-970, -31;
-67,-248,-26,532,-303,479,-285,-951, -26;
-68,-243,-28,516,-287,474,-289,-935, -34;
-67,-247,-32,492,-265,477,-292,-952, -53;
-64,-245,-32,456,-247,490,-277,-956, -56;
-60,-246,-34,421,-234,487,-263,-942, -47;
-61,-238,-33,396,-219,481,-264,-925, -49;
-61,-234,-29,371,-204,472,-267,-905, -45;
-63,-230,-34,346,-187,465,-277,-889, -48;
-61,-224,-32,320,-167,460,-265,-872, -54;
-57,-222,-29,285,-143,459,-259,-860, -48;
-55,-217,-29,254,-124,453,-246,-857, -47;
-51,-219,-30,224,-102,447,-243,-845, -48;
-55,-213,-36,192,-77,437,-247,-832, -55;
-51,-214,-33,162,-51,436,-233,-834, -55;
-57,-212,-33,134,-28,429,-240,-835, -49;
-54,-215,-31,109,-6,425,-252,-829, -45;
-56,-213,-28,88,12,422,-248,-830, -43;
-56,-216,-13,65,27,419,-251,-823, -33;
-58,-212,-29,38,38,403,-253,-818, -36;
-62,-209,-26,-2,53,390,-258,-816, -33;
-64,-212,-27,-30,69,379,-271,-821, -29;
-67,-210,-24,-50,85,373,-286,-810, -28;
-70,-213,-28,-68,97,366,-301,-811, -41;
-73,-211,-25,-85,113,369,-305,-811, -44;
-75,-206,-29,-103,124,366,-315,-808, -44;
-75,-208,-30,-125,138,368,-310,-810, -44;
-74,-206,-32,-152,147,358,-319,-807, -50;
-76,-207,-35,-184,159,349,-314,-809, -65;
-75,-209,-39,-226,171,333,-334,-808, -66;
-76,-211,-34,-280,192,326,-334,-808, -72;
-74,-211,-38,-318,215,317,-331,-809, -73;
-76,-210,-41,-347,238,312,-323,-809, -75;
-76,-210,-41,-370,262,302,-329,-808, -84;
-77,-208,-39,-387,290,305,-333,-808, -88;
-74,-207,-42,-395,313,308,-327,-806,-100;
-75,-209,-44,-402,331,306,-331,-806, -93;
-76,-208,-41,-410,342,301,-329,-808, -89;
-76,-211,-40,-421,350,301,-335,-815, -87;
-78,-215,-43,-430,353,302,-336,-828, -94;
-79,-210,-41,-445,361,297,-348,-827, -83;
-84,-208,-43,-458,371,291,-365,-813, -81;
-87,-208,-37,-464,380,297,-366,-809, -72;
-88,-208,-35,-470,387,294,-371,-805, -67;
-90,-206,-35,-468,398,296,-385,-800, -51;
-90,-201,-35,-453,411,297,-393,-786, -57;
-94,-201,-38,-432,424,301,-395,-780, -71;
-99,-201,-46,-416,447,304,-407,-769, -94;
-94,-199,-49,-407,477,313,-409,-776,-124;
-95,-196,-51,-411,509,315,-404,-754,-138;
-102,-196,-56,-432,546,322,-418,-762,-149;
-100,-192,-55,-465,568,327,-415,-743,-140;
-94,-193,-56,-502,579,335,-405,-743,-143;
-91,-191,-54,-547,584,337,-390,-738,-136;
-92,-192,-50,-586,592,343,-386,-730,-118;
-86,-188,-45,-616,608,350,-369,-724,-101;
-86,-187,-40,-641,627,354,-372,-723, -89;
-86,-186,-41,-656,651,356,-370,-714, -81;
-84,-187,-37,-661,678,358,-352,-716, -67;
-81,-186,-38,-662,703,356,-355,-718, -56;
-83,-187,-34,-661,733,354,-356,-715, -47;
-85,-188,-34,-659,760,347,-364,-716, -50;
-91,-181,-37,-657,790,339,-384,-708, -67;
-93,-184,-38,-655,816,333,-395,-705, -76;
-97,-183,-44,-653,840,323,-401,-699, -88;
-103,-181,-44,-650,862,312,-422,-695,-113;
-104,-178,-53,-646,882,298,-436,-686,-136;
-111,-176,-56,-648,898,284,-455,-680,-160;
-116,-175,-63,-661,912,267,-462,-688,-190;
-114,-177,-70,-690,927,248,-475,-688,-212;
-120,-180,-76,-737,949,234,-484,-687,-236;
-121,-181,-84,-778,969,224,-495,-688,-255;
-120,-178,-83,-822,991,216,-498,-697,-267;
-113,-183,-81,-863,1011,214,-476,-707,-252;
-111,-186,-75,-895,1025,210,-463,-711,-231;
-109,-192,-71,-914,1038,206,-449,-730,-197;
-118,-195,-59,-923,1044,189,-475,-748,-167;
-124,-197,-55,-919,1036,178,-509,-758,-147;
-131,-200,-57,-908,1020,163,-534,-768,-152;
-136,-205,-59,-894,1005,153,-561,-784,-167;
-138,-202,-63,-887,999,143,-571,-785,-173;
-140,-203,-64,-879,1003,139,-573,-790,-188;
-141,-205,-72,-872,1018,131,-573,-785,-214;
-138,-200,-79,-866,1036,129,-566,-781,-238;
-133,-204,-81,-860,1054,118,-549,-781,-257;
-125,-197,-92,-855,1067,105,-518,-780,-279;
-121,-204,-91,-851,1078,82,-487,-782,-283;
-112,-203,-92,-842,1079,56,-471,-781,-291;
-102,-202,-94,-830,1067,26,-428,-783,-292;
-92,-202,-97,-820,1045,-4,-395,-783,-327;
-92,-194,-99,-840,1050,-79,-365,-744,-320;
-80,-197,-100,-853,1016,-91,-352,-758,-331;
-80,-197,-92,-865,1006,-109,-346,-751,-307;
-79,-197,-87,-871,988,-130,-333,-762,-281;
-83,-204,-77,-869,961,-159,-354,-788,-251;
-98,-209,-73,-851,927,-189,-395,-808,-222;
-110,-215,-72,-826,877,-216,-451,-824,-202;
-123,-224,-62,-785,810,-228,-499,-847,-183;
-141,-227,-64,-735,741,-249,-571,-854,-189;
-151,-230,-63,-692,658,-246,-603,-878,-192;
-162,-234,-66,-647,592,-239,-645,-889,-205;
-167,-241,-71,-604,544,-214,-676,-904,-214;
-174,-242,-73,-549,499,-189,-704,-916,-218;
-186,-247,-75,-475,452,-150,-747,-930,-251;
-183,-249,-82,-395,402,-98,-734,-935,-266;
-176,-250,-84,-314,352,-31,-705,-947,-274;
-161,-254,-90,-221,305,33,-652,-953,-290;
-153,-253,-99,-131,259,106,-613,-961,-328;
-131,-253,-94,-59,216,188,-533,-963,-317;
-100,-253,-97,28,158,250,-435,-965,-321;
-83,-251,-93,93,125,292,-370,-954,-314;
-74,-251,-94,157,106,318,-311,-953,-306;
-59,-244,-102,220,101,340,-255,-950,-341;
-49,-237,-115,243,122,360,-223,-931,-384;
-36,-228,-124,221,153,377,-173,-898,-417;
-28,-221,-121,172,196,387,-148,-866,-408;
-19,-212,-115,122,238,379,-122,-831,-395;
-13,-206,-110,81,280,365,-93,-805,-377;
-12,-203,-112,44,321,334,-80,-800,-368;
-8,-200,-108,-2,373,305,-83,-782,-373;
-13,-197,-122,-53,434,272,-99,-779,-404;
-16,-195,-123,-123,515,245,-121,-770,-424;
-24,-196,-122,-202,587,222,-134,-776,-423;
-30,-202,-122,-257,637,189,-137,-789,-422;
-23,-211,-123,-285,665,144,-125,-812,-421;
-28,-217,-126,-291,688,82,-139,-840,-442;
-38,-219,-130,-293,725,16,-174,-847,-442;
-49,-222,-131,-297,763,-44,-231,-862,-445;
-54,-225,-127,-303,784,-92,-238,-875,-441;
-58,-234,-124,-313,784,-126,-244,-910,-426;
-60,-243,-113,-314,753,-162,-250,-936,-396;
-58,-256,-102,-299,701,-202,-253,-974,-356;
-68,-261,-95,-261,634,-252,-282,-1002,-319;
-76,-269,-88,-213,560,-296,-313,-1027,-285;
-79,-270,-82,-154,470,-327,-327,-1043,-267;
-83,-277,-85,-86,384,-360,-351,-1057,-268;
-90,-280,-89,-19,296,-382,-387,-1070,-293;
-96,-281,-103,37,209,-398,-407,-1089,-332;
-103,-281,-118,80,126,-414,-436,-1090,-396;
-114,-283,-132,106,73,-420,-466,-1096,-448;
-122,-280,-137,109,16,-417,-489,-1092,-488;
-121,-282,-140,113,-48,-417,-497,-1091,-506;
-123,-281,-147,129,-113,-418,-495,-1082,-524;
-119,-277,-147,156,-178,-423,-488,-1069,-525;
-111,-275,-149,186,-223,-417,-463,-1069,-534;
-105,-272,-149,216,-242,-410,-443,-1060,-532;
-98,-270,-148,244,-235,-396,-411,-1046,-521;
-88,-267,-146,275,-225,-381,-381,-1031,-509;
-79,-263,-143,313,-204,-361,-349,-1026,-506;
-72,-259,-138,340,-183,-346,-315,-1008,-499;
-70,-256,-138,365,-160,-326,-299,-1002,-491;
-63,-252,-135,389,-149,-305,-274,-979,-470;
-54,-246,-131,403,-150,-273,-264,-955,-480;
-48,-244,-133,406,-157,-250,-215,-944,-467;
-50,-231,-135,396,-172,-230,-219,-904,-465;
-55,-221,-134,372,-191,-211,-229,-857,-463;
-55,-209,-132,338,-216,-187,-237,-828,-469;
-55,-203,-132,300,-246,-162,-239,-792,-478;
-56,-198,-134,239,-275,-140,-242,-773,-466;
-54,-192,-134,181,-284,-124,-244,-745,-476;
-56,-185,-133,127,-275,-107,-252,-734,-452;
-58,-187,-126,84,-258,-96,-250,-732,-447;
-52,-191,-119,44,-244,-88,-238,-744,-422;
-48,-197,-118,11,-238,-93,-225,-770,-399;
-43,-200,-115,-4,-234,-101,-198,-787,-403;
-37,-203,-118,-11,-214,-121,-173,-800,-401;
-28,-207,-117,-9,-185,-133,-144,-808,-396;
-19,-210,-121,10,-144,-157,-117,-822,-400;
-12,-215,-117,49,-94,-172,-86,-837,-414;
-5,-217,-120,85,-51,-198,-47,-835,-418;
2,-219,-123,123,-11,-221,-21,-848,-426;
4,-221,-124,159,15,-250,-6,-853,-430;
13,-218,-127,190,36,-276,11,-843,-436;
13,-215,-122,212,53,-304,26,-843,-429;
11,-215,-126,228,68,-324,15,-840,-421;
12,-217,-117,237,83,-345,16,-848,-415;
15,-222,-114,245,103,-350,26,-858,-384;
15,-223,-109,262,114,-373,23,-870,-356;
16,-226,-101,295,126,-401,33,-883,-339;
11,-237,-102,328,131,-426,17,-909,-337;
9,-243,-97,358,136,-444,0,-925,-315;
9,-248,-94,393,137,-463,-3,-957,-290;
1,-251,-90,431,135,-483,-35,-957,-285;
-6,-252,-91,477,106,-499,-41,-966,-293;
1,-254,-90,504,54,-526,-31,-973,-294;
1,-232,-90,509,14,-572,-33,-966,-290;
12,-240,-67,503,-33,-608,42,-941,-262;
-30,-242,-79,473,-60,-601,-105,-909,-222;
-20,-253,-75,508,-106,-643,-98,-953,-238;
-12,-249,-80,538,-156,-670,-81,-961,-256;
-18,-249,-84,562,-192,-677,-133,-952,-271;
-11,-251,-83,587,-220,-674,-71,-970,-256;
-12,-257,-87,618,-239,-684,-89,-975,-282;
-19,-254,-93,666,-247,-689,-97,-986,-298;
-14,-254,-102,708,-249,-687,-107,-980,-329;
-19,-254,-102,746,-241,-683,-117,-972,-344;
-20,-257,-101,780,-221,-673,-110,-973,-340;
-28,-255,-103,814,-194,-654,-156,-970,-339;
-22,-260,-100,859,-172,-631,-126,-1010,-326;
-22,-265,-92,902,-157,-614,-125,-1020,-307;
-22,-263,-101,955,-139,-601,-122,-1026,-336;
-18,-268,-94,996,-112,-585,-121,-1039,-318;
-15,-266,-92,1033,-87,-568,-102,-1036,-291;
-21,-278,-82,1070,-71,-558,-116,-1086,-271;
-20,-282,-85,1140,-66,-565,-119,-1089,-269;
-21,-284,-85,1203,-59,-572,-113,-1098,-268;
-18,-287,-86,1256,-52,-583,-110,-1112,-274;
-24,-284,-89,1305,-46,-597,-126,-1098,-275;
-23,-286,-87,1329,-43,-615,-127,-1111,-283;
-29,-284,-88,1332,-44,-634,-137,-1100,-279;
-24,-289,-86,1323,-48,-652,-125,-1108,-274;
-25,-287,-82,1305,-52,-668,-130,-1111,-260;
-17,-286,-83,1286,-57,-686,-110,-1126,-256;
-13,-285,-79,1270,-61,-700,-99,-1116,-248;
-13,-285,-78,1252,-65,-719,-85,-1110,-243;
-10,-285,-83,1238,-65,-734,-74,-1113,-245;
-7,-288,-76,1227,-65,-754,-58,-1114,-230;
-2,-288,-73,1220,-63,-765,-48,-1118,-216;
1,-295,-70,1226,-56,-779,-32,-1137,-207;
3,-293,-69,1240,-48,-784,-21,-1142,-199;
2,-299,-62,1268,-35,-793,-14,-1155,-172;
8,-303,-62,1312,-18,-792,-12,-1162,-174;
7,-299,-59,1364,2,-791,-7,-1154,-165;
2,-296,-55,1416,23,-784,-16,-1145,-168;
1,-292,-58,1457,37,-780,-24,-1130,-162;
-1,-289,-53,1489,50,-769,-31,-1124,-150;
-1,-287,-49,1511,65,-757,-29,-1126,-120;
-4,-296,-48,1526,76,-749,-46,-1139,-106;
-5,-292,-43,1532,85,-749,-53,-1138,-103;
-4,-297,-39,1529,94,-743,-50,-1145, -77;
-5,-298,-37,1518,96,-746,-43,-1143, -76;
0,-293,-39,1504,100,-747,-40,-1136, -72;
0,-293,-41,1487,105,-750,-34,-1138, -74;
-4,-286,-41,1459,114,-747,-26,-1130, -87;
-1,-285,-38,1422,123,-749,-27,-1114, -77;
-2,-280,-33,1380,128,-743,-33,-1103, -67;
0,-282,-31,1335,127,-744,-36,-1093, -42;
1,-280,-23,1278,123,-741,-31,-1094, -23;
-4,-278,-15,1236,122,-742,-30,-1092,  12;
-3,-282,-6,1201,120,-739,-38,-1093,  52;
2,-283,7,1178,118,-740,-24,-1093,  84;
-2,-277,9,1163,119,-736,-23,-1086, 106;
4,-275,12,1152,123,-729,-6,-1074, 124;
7,-275,12,1147,126,-727,-4,-1069, 131;
2,-272,18,1141,128,-731,-10,-1066, 138;
7,-275,18,1139,132,-731,-1,-1064, 131;
13,-273,10,1136,139,-733,6,-1051, 128;
5,-268,15,1130,149,-732,-1,-1045, 142;
6,-262,20,1121,159,-733,-12,-1028, 136;
7,-260,15,1109,172,-727,1,-1011, 151;
7,-257,20,1097,188,-720,-7,-997, 159;
6,-257,26,1083,208,-706,-10,-983, 161;
3,-256,24,1074,230,-689,-18,-978, 168;
5,-251,26,1064,251,-671,-15,-968, 174;
3,-249,28,1052,272,-654,-17,-967, 182;
-2,-244,34,1044,289,-640,-32,-947, 202;
-5,-244,36,1033,309,-620,-44,-948, 204;
-4,-243,33,1027,322,-602,-38,-935, 213;
-7,-243,40,1018,335,-585,-54,-922, 232;
-12,-240,51,1017,335,-569,-65,-924, 278;
-11,-240,56,1020,321,-555,-67,-916, 292;
-14,-236,56,1022,301,-544,-78,-913, 287;
-15,-234,57,1016,291,-529,-89,-903, 293;
-14,-234,59,1001,293,-515,-95,-901, 298;
-15,-235,61,981,303,-494,-96,-897, 299;
-21,-232,59,951,305,-475,-107,-900, 299;
-20,-236,63,911,305,-456,-112,-899, 311;
-17,-233,61,884,305,-437,-105,-903, 313;
-18,-236,65,855,306,-417,-98,-906, 313;
-12,-237,62,830,307,-402,-86,-911, 317;
-11,-244,63,808,310,-384,-73,-916, 313;
-6,-243,63,795,316,-372,-59,-924, 312;
-5,-246,63,786,319,-359,-54,-944, 306;
0,-248,61,784,324,-352,-26,-954, 311;
6,-254,59,789,322,-341,-4,-963, 300;
12,-251,59,798,328,-339,12,-968, 298;
16,-253,60,816,341,-335,35,-964, 298;
23,-249,62,829,353,-338,54,-960, 310;
22,-245,60,842,356,-338,61,-952, 315;
25,-251,65,852,358,-342,78,-957, 329;
29,-250,67,861,348,-344,88,-952, 329;
31,-247,68,872,334,-351,103,-951, 336;
30,-247,65,882,313,-354,103,-952, 331;
36,-248,65,891,296,-358,107,-949, 334;
36,-247,71,897,288,-356,116,-951, 329;
36,-248,70,896,279,-353,119,-951, 335;
40,-249,68,897,272,-347,125,-951, 342;
37,-241,74,892,264,-341,128,-938, 349;
42,-241,72,884,256,-330,125,-944, 354;
41,-243,75,875,245,-327,136,-933, 377;
38,-245,79,870,221,-320,127,-942, 382;
46,-243,76,859,199,-318,152,-942, 379;
45,-246,79,837,190,-317,153,-946, 392;
45,-244,85,822,179,-322,153,-939, 399;
41,-241,85,810,162,-317,140,-928, 395;
42,-237,84,797,137,-311,135,-916, 402;
46,-239,88,786,123,-296,160,-917, 419;
51,-238,89,775,115,-287,173,-914, 432;
56,-234,98,768,104,-277,188,-895, 450;
58,-234,99,763,97,-274,202,-896, 449;
61,-231,96,758,90,-264,214,-883, 453;
61,-226,98,746,94,-264,217,-874, 458;
64,-223,101,732,102,-266,223,-863, 468;
62,-220,105,716,107,-274,230,-858, 474;
72,-220,106,703,108,-288,244,-845, 484;
69,-216,108,689,112,-307,247,-839, 487;
68,-212,108,675,111,-323,246,-835, 489;
72,-206,108,651,108,-336,255,-824, 489;
72,-211,114,626,114,-342,259,-817, 512;
68,-207,108,607,94,-363,244,-814, 502;
73,-210,111,577,69,-378,270,-816, 514;
71,-212,110,543,52,-396,244,-818, 507;
69,-205,104,509,36,-409,236,-817, 476;
63,-210,110,469,29,-410,228,-816, 507;
69,-209,107,433,15,-410,239,-824, 495;
64,-214,112,380,10,-406,226,-827, 506;
58,-216,115,348,4,-394,208,-841, 529;
61,-215,115,328,0,-385,204,-841, 529;
58,-217,117,318,11,-367,197,-840, 538;
55,-217,124,313,22,-350,188,-838, 544;
52,-215,122,311,29,-329,179,-839, 558;
53,-216,124,320,34,-305,183,-834, 553;
61,-215,117,332,41,-279,204,-837, 545;
63,-217,121,336,62,-262,212,-825, 546;
61,-212,126,346,85,-241,216,-823, 570;
59,-213,120,371,99,-226,216,-823, 563;
60,-207,117,379,112,-210,213,-810, 540;
59,-208,114,375,123,-196,203,-804, 526;
58,-200,103,355,136,-182,200,-792, 480;
57,-197,104,314,158,-166,204,-781, 492;
59,-197,103,273,180,-160,203,-770, 471;
49,-194,109,224,205,-148,170,-753, 505;
52,-196,107,180,206,-131,180,-758, 483;
53,-196,105,132,204,-119,197,-780, 489;
57,-198,110,84,207,-118,191,-783, 497;
49,-202,108,39,212,-118,182,-785, 504;
52,-206,110,17,210,-117,169,-795, 514;
46,-205,107,-1,206,-110,151,-792, 498;
43,-203,108,-18,202,-95,153,-805, 494;
45,-206,103,-26,195,-74,153,-801, 489;
50,-209,105,-28,192,-50,164,-804, 483;
47,-205,108,-23,190,-30,155,-798, 488;
43,-204,105,-14,187,-12,144,-799, 488;
46,-203,105,-3,179,9,156,-804, 485;
43,-207,103,9,158,26,153,-802, 484;
41,-206,104,12,142,41,146,-801, 476;
43,-209,105,9,127,50,140,-806, 476;
41,-210,104,2,116,62,136,-809, 478;
38,-207,101,-8,110,68,124,-809, 469;
31,-206,100,-20,104,86,102,-811, 457;
32,-209,99,-29,99,94,103,-817, 470;
34,-209,103,-39,86,111,110,-816, 482;
31,-210,102,-45,73,122,101,-815, 482;
35,-209,103,-49,63,140,108,-815, 478;
34,-210,105,-60,57,152,111,-811, 470;
35,-208,99,-74,58,167,104,-811, 463;
32,-210,97,-92,60,179,105,-819, 455;
35,-211,94,-112,61,193,104,-812, 449;
35,-210,95,-134,52,201,102,-817, 450;
36,-210,92,-154,43,211,116,-812, 436;
39,-212,87,-175,30,211,124,-828, 427;
39,-214,88,-194,18,213,130,-829, 434;
38,-214,90,-206,8,207,125,-831, 424;
39,-217,92,-216,-1,208,129,-834, 428;
37,-216,89,-217,-3,204,125,-839, 426;
42,-218,90,-212,-2,209,133,-851, 425;
42,-220,91,-204,-4,211,131,-850, 423;
46,-219,92,-195,-6,219,150,-843, 425;
46,-218,94,-187,-8,221,157,-844, 435;
48,-219,95,-176,-8,227,154,-849, 444;
44,-222,97,-155,-12,232,147,-851, 453;
44,-222,95,-129,-16,239,142,-857, 452;
40,-223,94,-103,-28,241,133,-865, 445;
35,-225,91,-80,-46,247,116,-870, 447;
32,-230,96,-57,-62,248,103,-877, 449;
30,-231,96,-39,-77,254,94,-883, 454;
27,-231,98,-22,-88,255,96,-886, 455;
31,-230,102,-4,-93,263,93,-889, 466;
33,-230,102,15,-99,268,105,-888, 478;
36,-230,106,38,-106,277,110,-885, 486;
39,-230,111,60,-111,283,121,-877, 497;
42,-226,106,81,-117,289,134,-865, 498;
46,-219,108,96,-124,293,147,-852, 496;
49,-218,108,102,-131,296,156,-846, 496;
50,-214,104,101,-135,298,164,-836, 494;
48,-212,102,95,-137,300,170,-826, 487;
51,-215,104,83,-140,297,172,-831, 484;
48,-214,106,69,-150,289,171,-828, 487;
46,-213,110,55,-163,278,162,-833, 502;
43,-216,106,45,-177,264,154,-839, 497;
37,-214,110,37,-194,251,125,-838, 499;
38,-218,108,33,-207,241,119,-843, 496;
35,-219,109,33,-217,233,112,-838, 501;
38,-218,108,39,-222,233,112,-839, 510;
38,-219,111,48,-218,234,122,-843, 508;
44,-221,114,61,-211,237,134,-844, 519;
43,-223,116,79,-205,238,136,-841, 521;
44,-221,113,98,-203,240,148,-841, 524;
48,-217,112,117,-199,247,151,-839, 522;
44,-217,115,131,-198,254,158,-838, 520;
43,-216,118,144,-201,263,139,-836, 524;
38,-217,110,159,-209,270,127,-831, 524;
34,-213,114,175,-220,286,112,-831, 520;
31,-214,112,190,-232,297,94,-829, 520;
26,-212,113,199,-242,315,86,-822, 509;
24,-210,112,200,-249,332,71,-814, 503;
24,-208,108,194,-257,352,71,-808, 507;
23,-207,107,186,-265,366,68,-801, 502;
20,-204,107,175,-272,384,63,-799, 495;
22,-205,103,161,-272,404,69,-800, 488;
25,-210,99,144,-267,430,75,-806, 484;
27,-209,103,129,-260,452,79,-810, 475;
27,-209,100,114,-254,484,78,-820, 470;
34,-213,100,100,-248,503,97,-829, 470;
35,-215,98,90,-245,521,112,-837, 458;
38,-223,98,74,-236,532,122,-853, 459;
38,-223,94,65,-228,550,111,-859, 451;
38,-226,91,55,-218,557,121,-877, 447;
33,-229,92,43,-212,566,109,-886, 442;
35,-230,91,30,-210,570,121,-888, 438;
40,-230,98,14,-209,566,126,-897, 454;
34,-233,106,2,-211,558,100,-895, 478;
29,-232,104,-2,-219,556,96,-895, 479;
33,-229,103,-10,-228,551,104,-890, 487;
30,-234,106,-16,-238,549,112,-897, 516;
19,-229,125,-27,-211,457,12,-898, 507;
53,-224,119,-7,-251,436,180,-853, 543;
48,-226,107,8,-290,500,167,-875, 528;
35,-230,124,30,-277,530,107,-875, 541;
31,-229,119,60,-267,538,99,-878, 547;
33,-229,112,86,-258,549,77,-875, 530;
8,-224,117,91,-230,515,22,-837, 537;
32,-214,114,104,-231,480,97,-842, 525;
42,-215,110,119,-249,527,128,-830, 505;
37,-222,107,121,-237,569,99,-849, 505;
25,-218,107,126,-219,571,72,-841, 505;
1,-226,94,121,-208,558,-37,-880, 471;
21,-210,106,99,-189,499,66,-805, 493;
34,-210,109,96,-197,508,97,-816, 485;
40,-210,107,86,-200,521,127,-811, 493;
43,-216,111,82,-211,535,136,-829, 502;
37,-214,112,89,-226,509,124,-824, 505;
40,-211,92,76,-224,499,124,-822, 454;
22,-226,96,37,-200,495,92,-881, 441;
44,-205,108,-12,-161,432,164,-808, 495;
59,-213,104,-32,-163,453,204,-838, 479;
54,-219,101,-43,-150,476,182,-846, 479;
49,-225,101,-58,-126,474,158,-851, 478;
39,-221,99,-77,-100,470,122,-857, 469;
32,-219,101,-105,-68,454,83,-846, 467;
40,-218,104,-125,-34,440,127,-851, 470;
36,-223,96,-147,-21,467,109,-857, 464;
28,-229,98,-162,0,478,83,-879, 459;
24,-226,99,-173,18,478,69,-888, 463;
14,-231,99,-182,28,470,32,-885, 471;
-10,-230,109,-190,34,454,-37,-931, 450;
11,-226,101,-199,47,389,-13,-873, 477;
19,-229,102,-192,23,398,48,-889, 482;
9,-233,106,-170,11,416,12,-888, 497;
2,-235,111,-141,5,414,-6,-887, 511;
10,-235,112,-108,-6,404,12,-887, 520;
13,-234,113,-75,-15,387,20,-894, 527;
28,-237,118,-26,-27,374,44,-888, 535;
19,-239,126,21,-35,355,41,-892, 522;
15,-240,112,65,-41,337,43,-882, 526;
25,-222,107,102,-49,322,52,-878, 511;
18,-220,97,137,-54,304,57,-872, 505;
21,-225,109,167,-56,290,42,-859, 498;
13,-209,110,185,-56,283,19,-867, 504;
11,-218,109,187,-36,228,-29,-829, 502;
23,-228,108,222,-48,214,103,-852, 495;
14,-223,113,227,-35,284,20,-863, 509;
13,-222,112,230,-13,317,21,-856, 515;
16,-221,113,231,8,338,33,-854, 502;
13,-219,103,227,27,347,22,-851, 485;
16,-222,103,216,47,360,29,-850, 488;
13,-219,101,209,62,363,17,-840, 476;
8,-216,100,197,73,373,9,-838, 474;
7,-219,103,186,83,377,-1,-845, 471;
9,-221,99,173,90,387,5,-850, 482;
2,-219,105,163,96,387,0,-842, 483;
16,-222,105,156,111,384,23,-853, 481;
2,-221,101,157,117,366,1,-863, 477;
5,-224,106,155,121,356,-7,-863, 483;
7,-227,105,152,123,336,-5,-869, 487;
1,-227,104,158,125,318,-23,-870, 487;
-50,-217,140,164,131,298,-242,-937, 485;
7,-220,99,184,141,142,-43,-852, 487;
16,-227,104,191,95,164,24,-874, 469;
-9,-230,102,186,94,231,-59,-876, 480;
-19,-224,103,190,110,257,-97,-867, 477;
-16,-223,99,191,118,273,-107,-857, 468;
-21,-220,102,185,125,280,-111,-854, 475;
-20,-221,102,176,128,291,-111,-859, 473;
-13,-225,109,168,132,297,-106,-868, 482;
-16,-225,105,160,140,304,-98,-872, 483;
-20,-224,105,152,145,303,-108,-866, 474;
-12,-231,104,140,151,312,-94,-871, 478;
-13,-232,104,133,156,311,-81,-880, 482;
-12,-229,106,130,164,310,-84,-887, 475;
-12,-232,105,131,171,306,-74,-896, 485;
-16,-237,107,136,174,295,-96,-900, 485;
-12,-235,111,138,176,286,-80,-903, 490;
-45,-227,140,137,185,258,-223,-871, 538;
0,-236,111,155,181,152,-13,-897, 505;
-8,-234,112,158,163,179,-35,-903, 511;
-4,-237,111,162,162,203,-24,-906, 515;
-9,-236,117,165,177,236,-50,-902, 524;
-12,-232,113,168,192,238,-73,-889, 520;
-20,-227,110,167,201,237,-97,-882, 514;
-20,-226,112,158,201,233,-111,-869, 516;
-24,-224,118,143,201,236,-115,-860, 528;
-22,-219,115,120,199,238,-112,-854, 525;
-24,-220,119,96,194,244,-120,-847, 540;
-24,-221,123,73,184,247,-126,-846, 544;
-28,-217,121,51,168,249,-132,-844, 555;
-31,-218,123,31,154,249,-146,-846, 552;
-27,-223,121,15,141,249,-138,-850, 553;
-32,-216,123,2,132,246,-145,-842, 551;
-30,-220,120,-10,124,245,-144,-842, 544;
-30,-216,117,-24,115,239,-134,-831, 535;
-33,-216,119,-35,111,234,-147,-832, 542;
-28,-216,119,-44,101,224,-140,-835, 534;
-28,-216,115,-54,91,213,-144,-824, 532;
-32,-216,117,-60,80,198,-149,-832, 536;
-30,-220,117,-63,70,186,-144,-829, 535;
-28,-218,120,-62,60,171,-134,-841, 532;
-28,-218,117,-57,58,156,-137,-835, 540;
-28,-218,118,-49,51,140,-129,-835, 530;
-25,-218,119,-40,48,122,-117,-839, 532;
-21,-218,111,-31,49,106,-117,-829, 526;
-21,-217,118,-23,48,86,-114,-830, 525;
-15,-212,114,-14,46,71,-100,-828, 521;
-17,-213,111,-11,51,53,-102,-825, 527;
-20,-213,120,-10,53,39,-101,-821, 535;
-14,-215,115,-5,50,22,-87,-828, 529;
-17,-213,114,-4,51,12,-98,-830, 532;
-19,-219,123,4,44,-2,-106,-830, 544;
-20,-215,120,16,37,-9,-101,-830, 540;
-16,-219,113,27,31,-19,-96,-839, 533;
-17,-217,118,38,30,-22,-99,-835, 529;
-19,-216,119,46,27,-33,-108,-835, 537;
-21,-217,118,55,24,-35,-110,-835, 532;
-19,-217,117,65,24,-40,-107,-833, 533;
-19,-215,119,72,23,-41,-107,-827, 529;
-21,-215,120,74,20,-49,-105,-830, 537;
-20,-214,117,78,20,-51,-104,-830, 523;
-25,-215,116,77,22,-59,-112,-824, 534;
-21,-211,114,79,20,-61,-103,-829, 531;
-17,-216,112,80,20,-71,-105,-828, 524;
-20,-214,115,75,21,-77,-107,-824, 527;
-19,-213,118,71,21,-84,-102,-828, 527;
-15,-210,115,71,20,-85,-98,-822, 522;
-19,-215,114,70,22,-95,-98,-828, 526;
-14,-213,112,69,27,-97,-91,-818, 522;
-15,-214,115,66,30,-108,-93,-822, 524;
-17,-214,114,63,33,-113,-97,-821, 529;
-16,-213,113,59,37,-121,-91,-822, 522;
-18,-210,117,52,41,-127,-101,-818, 528;
-18,-213,119,50,40,-135,-101,-822, 535;
-19,-213,120,48,38,-140,-98,-823, 533;
-16,-213,114,47,36,-150,-95,-828, 538;
-17,-213,120,49,31,-153,-108,-822, 546;
-26,-212,118,51,27,-160,-107,-826, 545;
-21,-214,119,56,25,-164,-108,-823, 539;
-21,-211,121,59,22,-169,-107,-820, 540;
-18,-215,120,60,19,-172,-103,-827, 540;
-19,-215,123,62,17,-178,-103,-826, 550;
-21,-210,121,64,14,-181,-100,-817, 554;
-19,-215,123,67,10,-185,-103,-822, 546;
-18,-212,125,70,6,-187,-99,-823, 553;
-15,-216,124,73,2,-195,-96,-816, 548;
-14,-210,122,72,1,-197,-89,-821, 552;
-14,-212,122,71,-3,-208,-81,-818, 549;
-13,-211,121,71,-7,-214,-85,-816, 560;
-12,-213,122,65,-7,-224,-77,-819, 549;
-9,-213,120,61,-8,-233,-68,-818, 555;
-12,-211,124,59,-8,-243,-71,-823, 563;
-12,-213,121,56,-7,-249,-67,-825, 559;
-7,-214,126,56,-6,-256,-61,-824, 562;
-8,-213,128,52,-3,-262,-51,-820, 556;
-9,-212,123,53,1,-269,-44,-823, 565;
-7,-213,119,54,3,-271,-44,-828, 567;
-3,-215,125,58,5,-273,-36,-830, 569;
-4,-214,124,63,7,-274,-36,-827, 564;
0,-217,125,66,12,-274,-33,-828, 564;
-3,-214,125,70,13,-273,-29,-822, 570;
-3,-217,127,74,12,-271,-30,-822, 571;
-2,-214,124,78,9,-267,-30,-823, 565;
-5,-211,123,82,5,-261,-25,-821, 559;
0,-215,127,86,1,-257,-26,-821, 561;
-4,-210,120,88,-3,-252,-25,-819, 558;
-4,-212,119,85,-8,-249,-24,-813, 552;
-4,-207,118,83,-13,-244,-29,-812, 552;
-3,-209,118,79,-15,-241,-24,-810, 549;
-1,-211,123,75,-16,-237,-26,-811, 547;
-1,-209,117,68,-16,-232,-33,-811, 544;
-2,-209,117,61,-16,-224,-24,-805, 547;
0,-209,121,56,-14,-219,-17,-813, 541;
6,-213,116,55,-8,-207,-8,-825, 537;
4,-211,119,55,6,-200,-2,-812, 535;
0,-210,119,53,16,-194,-27,-811, 536;
-11,-211,120,50,23,-192,-63,-811, 545;
-10,-209,121,44,22,-184,-66,-811, 550;
-9,-213,117,41,17,-178,-54,-823, 539;
-5,-216,120,40,12,-170,-30,-829, 544;
3,-218,119,41,9,-161,-13,-833, 534;
4,-214,118,44,16,-152,-5,-830, 537;
0,-213,120,49,23,-147,-15,-828, 536;
-3,-213,119,50,29,-137,-27,-818, 543;
-4,-213,123,48,31,-128,-33,-816, 542;
-3,-213,122,44,31,-117,-39,-816, 548;
-3,-213,120,37,32,-110,-33,-823, 545;
2,-215,118,32,31,-101,-22,-825, 542;
3,-214,120,27,32,-96,-21,-832, 541;
2,-215,119,24,37,-89,-24,-830, 548;
-2,-214,118,23,41,-85,-22,-823, 542;
-4,-212,115,19,44,-79,-30,-827, 544;
-4,-214,122,17,47,-79,-30,-828, 552;
2,-214,120,12,48,-72,-18,-830, 555;
-2,-215,121,10,51,-74,-27,-828, 556;
-1,-211,127,6,53,-68,-21,-832, 558;
-1,-213,121,3,55,-71,-23,-827, 557;
3,-214,125,0,56,-65,-19,-820, 555;
1,-213,121,-3,58,-65,-21,-822, 558;
-1,-215,124,-5,59,-62,-20,-825, 559;
2,-214,120,-6,59,-61,-15,-826, 566;
-2,-212,124,-8,59,-57,-17,-824, 565;
0,-211,125,-10,57,-56,-15,-819, 566;
-1,-211,124,-11,57,-50,-19,-816, 568;
2,-210,124,-12,57,-48,-14,-812, 571;
0,-211,128,-15,59,-42,-17,-815, 572;
2,-212,126,-17,59,-43,-15,-822, 572;
-1,-211,132,-19,61,-37,-17,-824, 572;
2,-211,129,-20,62,-38,-19,-823, 573;
1,-209,126,-18,65,-34,-18,-817, 577;
4,-213,129,-18,67,-34,-22,-823, 573;
2,-214,124,-14,67,-32,-21,-825, 576;
2,-214,126,-12,70,-33,-16,-828, 571;
0,-214,125,-10,72,-32,-19,-826, 572;
-1,-215,129,-6,72,-35,-21,-831, 568;
0,-215,125,-5,72,-33,-19,-831, 560;
-1,-212,125,-3,73,-34,-19,-829, 556;
0,-215,123,-2,72,-31,-18,-823, 551;
3,-213,122,-2,73,-32,-16,-823, 552;
2,-213,121,-4,72,-30,-20,-817, 555;
1,-212,120,-3,72,-31,-18,-814, 548;
2,-212,122,-5,72,-28,-12,-815, 541;
2,-212,122,-8,71,-28,-10,-810, 545;
0,-209,116,-11,71,-26,-13,-811, 550;
2,-211,122,-12,68,-23,-7,-806, 549;
1,-211,122,-13,67,-20,-13,-817, 556;
1,-210,122,-12,66,-18,-9,-807, 557;
4,-212,125,-12,63,-14,-7,-810, 557;
3,-210,126,-10,62,-12,-11,-806, 553;
4,-210,120,-8,63,-10,-12,-806, 556;
2,-207,118,-6,63,-8,-5,-807, 559;
0,-207,123,-7,64,-7,-8,-807, 558;
3,-213,126,-8,65,-5,-12,-815, 557;
2,-208,126,-9,64,-3,-13,-812, 562;
2,-208,126,-11,66,-4,-11,-808, 559;
-1,-207,125,-14,67,-4,-4,-809, 556;
4,-208,124,-15,70,-4,-7,-813, 563;
3,-210,123,-19,70,-4,-14,-813, 566;
3,-211,124,-19,72,-3,-6,-812, 560;
2,-210,127,-23,73,-5,-8,-820, 560;
3,-211,126,-25,74,-5,-14,-817, 561;
2,-213,125,-27,74,-8,-12,-822, 566;
2,-212,124,-28,73,-4,-11,-821, 564;
2,-212,123,-28,74,-7,-17,-823, 565;
0,-210,122,-26,75,-6,-18,-821, 564;
-1,-215,125,-27,74,-8,-21,-822, 566;
-1,-213,124,-25,73,-6,-22,-828, 564;
1,-215,123,-22,75,-8,-20,-825, 561;
2,-215,123,-21,74,-7,-15,-826, 557;
1,-214,124,-21,74,-10,-19,-825, 560;
-1,-212,124,-21,72,-9,-20,-824, 552;
2,-214,120,-21,72,-13,-17,-822, 554;
1,-213,120,-20,71,-11,-22,-821, 556;
5,-209,126,-21,71,-16,-16,-826, 556;
4,-211,119,-18,70,-15,-23,-823, 558;
-1,-212,125,-18,68,-21,-16,-821, 558;
2,-211,122,-19,67,-20,-17,-821, 556;
0,-212,123,-18,66,-26,-13,-819, 557;
-1,-213,124,-16,63,-25,-21,-815, 561;
1,-213,125,-15,62,-28,-18,-819, 555;
1,-213,122,-14,61,-27,-14,-821, 562;
1,-212,127,-13,61,-30,-20,-823, 561;
3,-214,124,-10,59,-28,-18,-824, 564;
-1,-211,124,-6,57,-31,-14,-825, 565;
0,-212,123,-4,56,-28,-17,-824, 563;
3,-214,123,-1,56,-30,-17,-819, 562;
-2,-214,124,0,57,-28,-18,-827, 564;
0,-213,123,2,58,-29,-16,-823, 559;
4,-215,126,2,60,-27,-18,-821, 561;
0,-213,124,-1,60,-30,-21,-826, 561;
0,-213,125,-1,62,-27,-19,-822, 563;
-1,-212,126,1,64,-28,-17,-825, 561;
1,-213,123,3,63,-28,-18,-827, 560;
2,-214,126,3,61,-30,-15,-825, 557;
0,-213,120,4,60,-27,-21,-830, 558;
2,-216,121,5,60,-30,-14,-826, 556;
2,-215,121,7,58,-26,-14,-825, 552;
1,-212,122,7,57,-29,-15,-825, 561;
4,-212,125,9,55,-27,-10,-824, 553;
2,-211,121,9,54,-30,-12,-823, 558;
2,-214,121,10,54,-28,-8,-825, 558;
2,-211,120,11,55,-29,-7,-823, 557;
3,-212,125,13,53,-29,-5,-822, 556;
4,-213,121,18,51,-29,-3,-823, 560;
5,-215,123,21,50,-28,-3,-823, 560;
6,-210,125,23,50,-29,1,-817, 562;
7,-211,123,23,49,-28,-3,-818, 558;
5,-212,124,23,48,-28,-1,-823, 564;
4,-212,125,22,48,-25,-1,-816, 563;
4,-211,125,21,48,-26,0,-818, 566;
5,-215,122,19,44,-25,0,-819, 565;
7,-212,121,16,44,-25,-3,-816, 566;
4,-213,123,13,42,-26,-1,-816, 569;
3,-213,123,9,42,-25,-6,-817, 564;
2,-210,122,6,41,-24,-7,-816, 563;
2,-210,126,4,42,-24,-14,-815, 565;
3,-212,127,-3,42,-23,-19,-813, 570;
0,-211,125,-7,42,-23,-18,-812, 570;
1,-212,128,-11,43,-23,-15,-812, 569;
0,-211,127,-14,43,-21,-24,-813, 567;
0,-209,128,-17,45,-21,-18,-818, 571;
1,-211,127,-19,48,-19,-20,-811, 568;
2,-211,128,-20,50,-19,-22,-811, 569;
0,-213,125,-22,53,-17,-23,-815, 572;
-1,-211,123,-21,57,-17,-21,-817, 569;
1,-210,127,-20,57,-14,-22,-818, 566;
1,-212,125,-20,59,-14,-17,-817, 568;
4,-214,120,-21,63,-14,-10,-818, 562;
2,-210,124,-19,64,-16,-7,-819, 559;
4,-213,124,-18,63,-14,-6,-822, 561;
3,-213,124,-18,65,-16,-2,-822, 559;
7,-214,122,-16,64,-15,-3,-828, 560;
4,-214,126,-14,63,-16,3,-824, 560;
7,-214,126,-13,61,-14,-1,-825, 560;
8,-214,123,-12,57,-16,3,-821, 561;
5,-213,124,-9,55,-16,4,-824, 560;
6,-215,123,-7,51,-18,0,-826, 562;
5,-216,123,-6,50,-17,-3,-825, 559;
3,-213,126,-5,47,-19,-2,-825, 557;
6,-214,122,-4,46,-16,-8,-828, 558;
3,-214,127,-4,44,-17,-11,-826, 559;
2,-210,124,-2,42,-14,-8,-826, 559;
4,-217,126,-2,42,-16,-14,-823, 563;
4,-214,119,-3,41,-15,-14,-820, 559;
1,-213,124,-2,41,-14,-14,-826, 562;
2,-213,124,-1,40,-10,-13,-824, 564;
3,-214,123,-1,42,-11,-12,-825, 562;
3,-211,124,-1,43,-9,-10,-826, 565;
3,-212,124,0,47,-8,-15,-822, 563;
4,-213,123,-1,48,-3,-11,-827, 565;
1,-214,126,0,51,-2,-11,-822, 563;
2,-212,126,0,54,2,-9,-818, 564;
3,-212,125,-2,56,1,-7,-823, 563;
5,-211,124,-3,56,5,-3,-811, 559;
4,-208,125,-7,58,2,-8,-815, 561;
3,-210,124,-10,57,4,-1,-812, 562;
4,-211,123,-12,57,2,-3,-808, 562;
6,-210,125,-11,59,3,-2,-814, 565;
7,-208,125,-10,60,-1,-3,-809, 565;
6,-213,125,-9,60,-1,-3,-810, 569;
6,-209,126,-7,61,-4,-1,-811, 568;
3,-210,126,-5,61,-4,-3,-814, 572;
6,-213,126,-4,62,-7,-1,-813, 573;
4,-210,129,1,61,-7,1,-810, 574;
5,-211,129,3,62,-10,-1,-808, 569;
6,-212,127,3,62,-8,1,-811, 572;
7,-212,123,6,63,-9,-1,-811, 575;
5,-208,127,7,62,-7,-2,-815, 572;
2,-210,125,9,64,-6,-3,-810, 567;
4,-210,125,10,65,-5,-4,-809, 571;
3,-206,126,10,65,-5,-2,-814, 568;
4,-209,128,8,65,-4,-3,-814, 571;
4,-211,128,4,65,-7,-3,-814, 566;
3,-208,126,4,65,-6,0,-812, 564;
2,-209,125,2,65,-7,1,-812, 561;
7,-210,122,-1,65,-7,-2,-809, 568;
7,-212,126,-3,64,-9,0,-817, 566;
6,-211,128,-2,65,-11,2,-812, 566;
6,-212,127,-2,65,-12,-4,-817, 565;
5,-211,123,-1,65,-14,0,-819, 569;
5,-214,126,0,64,-14,-1,-816, 563;
6,-212,126,0,63,-15,-7,-814, 568;
5,-212,126,4,63,-17,-4,-813, 569;
3,-213,123,5,62,-15,-3,-813, 570;
7,-212,125,6,61,-15,-3,-813, 562;
2,-209,123,7,61,-15,-3,-810, 566;
4,-211,126,6,62,-14,-9,-814, 566;
1,-211,124,5,61,-14,-3,-811, 567;
4,-211,123,5,63,-13,-7,-810, 568;
3,-211,126,4,63,-12,-10,-807, 565;
2,-211,126,4,62,-11,-11,-817, 571;
2,-210,128,1,61,-11,-10,-817, 570;
4,-211,124,-1,60,-10,-13,-816, 570;
2,-211,123,0,60,-12,-9,-818, 567;
3,-212,125,-1,58,-11,-14,-821, 567;
3,-213,124,-2,59,-12,-15,-823, 566;
4,-213,125,-3,59,-11,-13,-825, 568;
2,-212,125,-3,61,-14,-7,-824, 571;
4,-213,124,-3,61,-12,-11,-824, 567;
6,-211,124,-2,63,-13,-13,-822, 565;
4,-212,126,0,64,-13,-8,-825, 569;
7,-210,127,2,67,-13,-3,-817, 569;
5,-212,124,3,67,-11,-6,-821, 564;
3,-212,124,4,68,-12,-5,-820, 566;
5,-215,121,6,68,-10,-7,-815, 566;
7,-212,124,6,68,-14,-1,-818, 566;
5,-211,125,6,68,-11,-7,-815, 567;
7,-215,125,6,64,-15,-6,-822, 567;
5,-209,125,6,66,-11,-7,-818, 568;
3,-212,125,4,64,-13,-8,-820, 567;
5,-214,127,6,62,-12,-9,-816, 568;
4,-210,124,7,62,-14,-8,-824, 565;
5,-213,128,6,62,-10,-6,-817, 568;
3,-211,126,7,62,-12,-10,-823, 568;
3,-212,122,10,62,-8,-6,-815, 568;
3,-209,128,11,64,-9,-7,-817, 570;
3,-210,122,14,63,-5,-6,-813, 567;
8,-211,129,17,63,-6,-10,-813, 572;
6,-211,129,18,66,-5,-6,-814, 572;
4,-211,125,21,66,-5,-7,-814, 571;
1,-211,128,22,65,-1,-7,-809, 570;
4,-210,125,23,64,-4,-6,-808, 571;
5,-207,126,23,64,-1,-5,-809, 570;
4,-209,125,21,63,-3,-9,-811, 571;
4,-209,127,21,62,-1,-5,-807, 571;
6,-210,123,17,62,-4,-6,-807, 569;
3,-208,125,14,61,-3,-9,-804, 567;
7,-207,125,11,62,-6,-4,-810, 571;
4,-209,124,8,62,-6,-10,-808, 571;
5,-209,126,5,61,-8,-3,-809, 569;
3,-210,129,4,61,-7,-6,-815, 570;
4,-211,125,2,61,-11,-1,-810, 572;
5,-208,125,1,63,-9,-4,-809, 570;
8,-209,123,1,63,-11,1,-809, 573;
4,-210,124,2,62,-8,-1,-806, 569;
8,-212,123,4,63,-10,-6,-808, 573;
8,-211,130,2,65,-9,-5,-810, 574;
8,-210,128,3,64,-10,-5,-809, 576;
4,-207,125,3,64,-8,0,-816, 574;
4,-208,130,4,65,-9,-1,-806, 573;
6,-211,127,2,64,-8,-1,-810, 572;
4,-210,125,3,65,-11,0,-810, 573;
5,-209,129,3,65,-9,-1,-810, 577;
6,-211,128,2,65,-12,-4,-809, 577;
2,-212,128,1,64,-14,4,-810, 571;
7,-211,127,2,65,-13,-1,-811, 579;
3,-211,129,2,62,-12,-3,-815, 571;
6,-211,129,3,63,-13,2,-808, 572;
3,-209,127,4,64,-15,-1,-811, 576;
2,-207,125,5,66,-16,0,-806, 574;
3,-210,127,5,67,-14,-3,-806, 575;
6,-210,125,4,69,-15,-3,-804, 574;
5,-210,126,3,69,-14,2,-807, 579;
3,-208,126,2,70,-14,-3,-804, 576;
5,-212,125,0,69,-15,1,-803, 578;
4,-212,127,-2,69,-12,-2,-804, 577;
6,-208,129,-4,70,-12,-1,-801, 581;
7,-210,130,-7,70,-10,1,-805, 576;
5,-209,127,-9,72,-10,2,-804, 578;
5,-208,126,-12,73,-10,3,-809, 579;
5,-212,136,-14,77,-10,0,-811, 574;
4,-212,128,-15,79,-8,8,-812, 569;
5,-210,127,-17,82,-9,0,-816, 572;
5,-211,122,-16,85,-8,3,-816, 569;
5,-210,127,-17,90,-7,1,-812, 566;
6,-208,128,-19,93,-3,9,-814, 565;
6,-209,126,-19,95,-2,2,-814, 566;
6,-212,127,-19,94,1,3,-812, 564;
10,-213,124,-21,94,2,3,-819, 563;
4,-209,124,-18,94,6,0,-816, 567;
5,-212,125,-14,90,6,0,-813, 565;
1,-210,123,-11,89,9,-3,-819, 571;
6,-210,130,-7,84,8,-8,-815, 569;
6,-212,125,-2,78,13,-3,-812, 571;
4,-211,127,2,75,10,-5,-813, 570;
3,-212,129,6,72,13,-11,-809, 572;
5,-210,125,10,69,11,-6,-812, 572;
1,-211,132,14,68,15,-11,-809, 579;
5,-212,130,16,68,12,-6,-809, 580;
5,-208,131,21,65,13,-11,-806, 577;
4,-209,128,23,64,10,-12,-805, 582;
2,-206,131,25,65,11,-15,-798, 582;
3,-208,129,25,66,9,-15,-801, 577;
0,-206,128,23,68,9,-11,-800, 575;
0,-208,127,21,68,4,-14,-801, 578;
3,-207,128,17,66,5,-13,-796, 576;
4,-209,125,13,68,0,-13,-801, 576;
1,-205,129,10,68,-2,-14,-798, 573;
3,-207,130,8,69,-7,-20,-799, 576;
-1,-207,127,6,69,-8,-18,-804, 579;
2,-210,124,6,69,-15,-14,-801, 576;
-1,-207,127,6,70,-16,-18,-803, 579;
-2,-206,133,7,68,-22,-16,-809, 578;
2,-208,127,10,67,-23,-14,-803, 576;
-1,-210,132,9,68,-28,-16,-806, 578;
2,-209,127,14,67,-28,-16,-815, 575;
2,-210,125,16,67,-33,-11,-811, 577;
1,-209,133,19,66,-33,-13,-809, 576;
5,-213,130,24,65,-37,-9,-817, 583;
3,-210,130,30,63,-37,-11,-812, 577;
3,-212,129,35,61,-40,-13,-815, 580;
2,-209,129,38,60,-37,-6,-808, 578;
2,-213,130,39,57,-39,-19,-815, 582;
3,-213,127,44,54,-38,-11,-818, 581;
3,-211,126,48,52,-40,-12,-814, 580;
4,-209,127,51,52,-37,-15,-809, 581;
0,-211,130,54,53,-38,-14,-813, 580;
2,-208,129,55,52,-39,-7,-815, 579;
-1,-212,131,56,51,-39,-15,-817, 577;
2,-213,127,54,50,-35,-10,-815, 578;
2,-209,130,53,51,-34,-12,-813, 583;
3,-209,132,52,53,-31,-10,-817, 576;
1,-210,130,48,53,-30,-13,-815, 577;
4,-213,127,47,52,-27,-8,-813, 578;
2,-210,127,48,52,-25,-11,-816, 576;
3,-212,126,48,51,-23,-12,-819, 576;
3,-212,126,48,49,-21,-9,-815, 573;
3,-210,128,49,48,-20,-6,-810, 583;
2,-211,125,47,46,-19,-15,-811, 578;
4,-213,126,47,45,-17,-9,-811, 575;
3,-209,128,46,44,-19,-6,-813, 577;
3,-210,124,44,42,-20,-11,-812, 573;
1,-209,127,40,39,-20,-5,-810, 576;
3,-210,126,36,38,-23,-6,-806, 579;
4,-210,130,32,37,-25,-8,-805, 584;
6,-210,132,28,35,-28,-10,-810, 583;
4,-209,128,25,33,-29,-1,-808, 585;
4,-210,133,22,29,-32,-6,-812, 587;
5,-210,132,22,27,-35,-1,-810, 589;
7,-210,129,22,25,-37,-1,-812, 594;
5,-208,133,24,23,-38,3,-808, 590;
5,-211,130,26,24,-40,7,-809, 585;
5,-211,132,26,24,-42,2,-813, 583;
6,-209,128,26,25,-45,8,-814, 577;
7,-212,126,28,24,-46,9,-816, 573;
9,-214,127,32,24,-46,9,-818, 582;
9,-213,130,37,26,-45,8,-822, 584;
8,-213,130,42,26,-46,9,-823, 581;
11,-215,128,49,25,-42,10,-821, 585;
10,-211,128,58,21,-41,11,-811, 588;
7,-213,131,63,20,-38,10,-815, 590;
9,-212,132,68,16,-37,8,-810, 591;
9,-213,134,73,16,-33,8,-813, 590;
7,-210,136,78,14,-32,7,-810, 592;
9,-210,132,83,12,-26,7,-806, 590;
4,-208,134,87,11,-26,3,-805, 589;
7,-205,132,89,10,-21,5,-807, 585;
7,-207,130,93,7,-20,5,-805, 588;
4,-205,130,93,7,-17,7,-798, 585;
9,-204,131,93,5,-19,8,-798, 583;
4,-204,131,91,6,-18,6,-793, 587;
0,-200,130,86,10,-25,-13,-783, 584;
1,-201,133,77,11,-26,-22,-779, 588;
-1,-200,132,67,6,-30,-22,-780, 588;
-1,-203,128,54,2,-29,-12,-781, 592;
9,-206,131,43,2,-33,4,-793, 593;
5,-205,133,37,6,-33,8,-790, 595;
3,-208,139,32,13,-36,7,-788, 599;
2,-204,144,29,26,-33,4,-788, 605;
8,-202,130,24,32,-36,5,-795, 606;
7,-205,140,19,37,-32,1,-797, 614;
5,-210,149,14,40,-33,6,-795, 611;
4,-211,138,11,42,-28,16,-806, 613;
12,-213,148,12,45,-29,18,-806, 611;
22,-217,136,16,50,-25,23,-806, 609;
10,-205,113,22,56,-24,21,-808, 604;
11,-211,132,26,60,-20,21,-806, 602;
15,-206,129,31,63,-20,27,-799, 601;
15,-207,131,30,64,-17,25,-791, 595;
15,-204,131,28,63,-18,33,-794, 592;
15,-206,131,24,64,-13,33,-792, 589;
12,-203,129,20,64,-15,32,-791, 591;
14,-200,132,16,64,-14,38,-784, 587;
17,-203,128,11,65,-13,37,-785, 589;
15,-203,130,5,67,-11,32,-783, 586;
13,-203,135,-1,66,-11,40,-783, 592;
14,-202,134,-5,65,-10,27,-782, 590;
15,-203,129,-6,65,-10,26,-787, 598;
14,-204,133,-6,65,-8,26,-786, 594;
9,-202,134,-6,65,-10,18,-786, 598;
12,-203,129,-5,66,-8,14,-788, 596;
9,-204,133,-3,67,-8,16,-792, 596;
9,-201,131,-1,67,-7,16,-795, 595;
10,-204,131,2,68,-6,11,-789, 596;
10,-203,130,4,70,-3,12,-789, 590;
8,-205,130,6,71,-2,10,-786, 589;
10,-202,129,4,72,-1,8,-788, 588;
6,-203,134,4,74,2,2,-787, 593;
7,-205,131,2,74,4,10,-781, 593;
3,-199,132,0,75,6,2,-786, 595;
7,-204,134,-2,75,9,5,-784, 596;
6,-203,136,-4,73,11,6,-782, 599;
6,-202,133,-4,72,11,7,-787, 603;
8,-204,135,-4,71,14,4,-784, 610;
8,-203,134,-3,69,12,7,-787, 617;
8,-204,136,-2,71,15,7,-787, 615;
4,-203,136,-3,71,14,9,-793, 609;
9,-205,136,-2,71,15,0,-795, 620;
4,-204,135,-2,71,13,7,-791, 611;
7,-204,137,-2,72,12,7,-790, 611;
7,-202,133,-3,76,10,8,-787, 612;
7,-203,139,-4,80,9,7,-788, 613;
5,-204,136,-7,81,7,11,-789, 606;
8,-204,134,-11,82,8,12,-788, 606;
8,-203,132,-16,84,5,11,-790, 602;
9,-203,133,-21,85,6,11,-788, 603;
6,-204,129,-25,85,3,12,-791, 592;
7,-203,135,-31,86,3,12,-794, 597;
8,-201,127,-33,87,-1,12,-794, 596;
6,-203,134,-35,86,0,12,-788, 595;
8,-201,131,-38,86,-5,12,-792, 592;
15,-202,135,-38,85,-3,10,-792, 597;
8,-207,133,-37,82,-5,3,-791, 599;
6,-206,133,-36,80,-1,4,-792, 596;
3,-202,135,-32,78,-4,4,-793, 595;
7,-202,132,-28,77,0,6,-794, 594;
6,-206,133,-24,74,-1,1,-794, 592;
5,-203,135,-17,73,1,4,-793, 596;
7,-204,131,-11,72,0,-4,-799, 594;
6,-206,132,-5,70,3,2,-794, 598;
4,-207,133,0,69,0,1,-796, 594;
3,-203,130,2,67,3,-1,-798, 596;
6,-205,132,5,67,1,0,-791, 594;
4,-204,129,7,67,3,2,-793, 594;
5,-202,132,9,66,1,-4,-790, 593;
5,-205,135,8,69,5,2,-790, 596;
4,-203,130,6,67,1,0,-792, 599;
5,-203,135,6,67,3,-2,-788, 596;
5,-204,135,3,67,0,2,-789, 598;
5,-204,131,2,67,1,3,-790, 603;
4,-203,133,0,66,-2,1,-790, 600;
8,-208,133,-2,65,0,2,-790, 597;
6,-206,133,-5,65,-3,4,-788, 598;
7,-206,135,-4,67,-3,5,-795, 598;
6,-206,131,-7,67,-6,4,-794, 597;
6,-204,132,-7,67,-5,1,-796, 598;
6,-208,132,-8,67,-8,1,-797, 594;
8,-206,135,-9,68,-5,5,-802, 595;
8,-207,134,-11,70,-8,4,-797, 600;
6,-208,132,-12,70,-6,4,-797, 597;
10,-206,135,-12,71,-7,8,-797, 600;
8,-205,135,-10,71,-5,11,-801, 602;
6,-206,135,-9,72,-5,12,-797, 602;
11,-208,136,-7,70,-2,14,-799, 608;
9,-207,136,-6,69,-3,8,-795, 603;
8,-205,135,-3,67,-2,10,-799, 608;
10,-207,137,-3,64,-5,6,-790, 603;
7,-208,132,-5,63,-4,9,-795, 608;
6,-203,135,-6,62,-6,1,-797, 606;
6,-204,135,-7,63,-6,5,-798, 607;
7,-202,134,-8,62,-8,7,-794, 602;
7,-204,137,-11,62,-7,2,-794, 607;
7,-206,134,-13,62,-9,5,-796, 598;
8,-206,134,-13,62,-9,7,-790, 604;
8,-207,136,-11,65,-7,1,-794, 601;
7,-205,135,-10,66,-7,10,-792, 595;
9,-204,134,-8,67,-8,9,-795, 598;
9,-205,134,-8,66,-6,7,-795, 594;
9,-208,133,-4,67,-6,13,-797, 597;
7,-205,136,-2,66,-5,11,-791, 596;
8,-207,133,1,65,-5,15,-797, 597;
9,-205,133,3,64,-6,16,-796, 592;
10,-206,136,6,64,-5,11,-797, 591;
9,-206,130,7,64,-6,13,-793, 599;
11,-205,131,10,64,-5,13,-795, 595;
6,-204,133,12,63,-3,15,-797, 592;
9,-205,132,16,63,-1,15,-797, 596;
8,-206,132,21,62,-2,9,-794, 597;
9,-205,135,23,62,1,13,-793, 599;
11,-205,135,27,63,0,11,-794, 603;
9,-205,133,31,63,3,12,-790, 598;
8,-204,133,32,63,3,11,-793, 601;
8,-202,132,34,64,7,12,-795, 602;
9,-205,133,36,63,6,8,-786, 604;
7,-201,136,38,63,11,4,-786, 602;
9,-203,135,40,66,9,8,-786, 601;
7,-203,132,37,67,14,12,-784, 601;
7,-201,133,35,70,12,8,-784, 602;
8,-199,133,30,71,16,8,-780, 605;
7,-201,135,27,74,15,9,-792, 606;
7,-200,134,21,75,17,4,-781, 606;
7,-203,134,16,75,14,9,-784, 605;
4,-203,132,12,77,16,8,-786, 612;
9,-203,136,9,77,13,4,-785, 604;
7,-202,136,7,77,16,8,-785, 607;
5,-203,138,6,80,14,4,-786, 610;
9,-204,132,5,78,15,1,-791, 607;
6,-202,135,6,78,11,2,-788, 608;
5,-203,138,5,77,14,2,-791, 606;
7,-205,135,4,76,11,4,-787, 608;
8,-204,134,3,76,14,5,-786, 610;
3,-202,135,3,77,11,4,-785, 602;
8,-204,134,1,78,13,0,-786, 602;
7,-204,135,-1,78,11,4,-788, 597;
7,-206,134,-3,77,15,-1,-789, 603;
7,-203,136,-3,77,13,5,-790, 604;
7,-205,132,-3,77,16,6,-787, 600;
6,-202,134,-4,76,13,9,-790, 605;
6,-207,135,-5,76,17,4,-786, 603;
5,-203,137,-5,74,15,2,-793, 604;
6,-204,133,-8,73,15,4,-791, 602;
7,-205,133,-9,71,13,3,-793, 604;
6,-205,132,-10,70,13,-2,-790, 605;
7,-204,133,-10,68,10,2,-793, 602;
3,-206,135,-10,68,10,-2,-792, 604;
4,-205,134,-9,67,7,-5,-793, 602;
6,-206,135,-10,65,8,-4,-797, 597;
6,-206,134,-11,64,4,-7,-798, 608;
1,-204,135,-10,64,5,-5,-793, 602;
4,-208,135,-10,64,3,-3,-792, 602;
5,-205,134,-8,64,5,-6,-796, 602;
3,-204,134,-6,65,5,-3,-795, 605;
3,-204,133,-5,66,6,-2,-789, 596;
5,-203,135,-5,66,5,-6,-789, 595;
3,-204,133,-2,64,6,-6,-787, 596;
5,-203,135,-1,64,4,-8,-786, 602;
4,-203,135,-2,64,5,-8,-788, 601;
2,-204,136,-3,64,4,-10,-785, 602;
4,-202,135,-4,61,4,-13,-785, 602;
0,-201,141,-6,59,3,-15,-779, 605;
0,-202,135,-5,57,4,-14,-782, 602;
6,-205,134,-7,57,3,-7,-786, 604;
0,-201,134,-6,57,4,-10,-784, 606;
2,-204,135,-5,56,2,-10,-785, 604;
3,-204,135,-6,55,2,-13,-785, 601;
2,-203,134,-5,55,0,-9,-790, 608;
6,-203,137,-5,56,-1,-3,-788, 606;
5,-204,136,-3,57,0,-3,-786, 605;
5,-206,132,-3,58,-2,1,-794, 609;
5,-203,134,-2,59,-4,3,-791, 608;
5,-205,136,0,58,-5,0,-791, 606;
8,-204,135,1,58,-6,6,-791, 605;
8,-202,137,1,59,-10,6,-792, 604;
9,-204,135,1,58,-9,11,-792, 610;
7,-206,135,3,58,-13,8,-793, 610;
8,-205,136,3,57,-13,15,-795, 608;
9,-204,135,4,57,-13,9,-794, 614;
9,-202,138,5,55,-12,12,-794, 613;
8,-208,135,6,53,-14,7,-794, 617;
8,-203,136,9,53,-12,9,-790, 610;
10,-206,139,9,52,-10,4,-792, 611;
7,-206,141,9,54,-6,6,-790, 611;
8,-202,138,10,52,-7,8,-788, 610;
5,-202,137,8,53,-2,4,-789, 613;
4,-204,138,6,53,-3,0,-783, 613;
7,-206,138,4,52,-1,-2,-788, 607;
5,-200,138,-1,50,-2,1,-781, 605;
8,-203,134,-6,50,-1,2,-780, 603;
6,-201,135,-10,53,-3,3,-783, 606;
5,-200,136,-14,54,-2,2,-785, 604;
5,-201,137,-18,56,-5,4,-784, 603;
3,-203,137,-21,55,-3,1,-784, 605;
6,-205,135,-25,55,-7,3,-784, 604;
7,-203,137,-27,55,-6,5,-785, 604;
7,-204,132,-29,54,-10,7,-787, 603;
4,-204,134,-29,54,-9,1,-785, 600;
6,-204,134,-31,51,-13,1,-785, 598;
6,-202,135,-31,50,-12,2,-785, 602;
8,-204,134,-32,50,-17,6,-784, 596;
5,-202,132,-32,48,-14,1,-787, 601;
6,-203,136,-34,47,-17,0,-787, 602;
9,-206,136,-34,45,-16,4,-793, 601;
3,-201,136,-32,45,-18,2,-787, 599;
1,-200,133,-31,45,-14,7,-791, 599;
7,-203,135,-29,43,-17,6,-788, 604;
9,-203,132,-29,43,-11,7,-790, 601;
7,-204,136,-30,44,-13,9,-787, 600;
8,-203,135,-30,43,-10,10,-786, 606;
7,-203,136,-28,42,-10,7,-790, 603;
9,-202,135,-29,40,-7,10,-789, 607;
6,-203,138,-32,40,-6,9,-790, 608;
5,-205,134,-31,40,-3,2,-791, 614;
6,-207,137,-31,40,-3,1,-790, 620;
5,-204,134,-32,40,-1,2,-792, 613;
6,-204,136,-33,41,-3,1,-787, 616;
6,-203,137,-34,40,-1,2,-787, 619;
5,-204,137,-36,41,-4,0,-782, 620;
3,-203,137,-38,43,-4,2,-781, 618;
7,-203,136,-39,45,-9,1,-785, 622;
7,-203,134,-44,49,-9,3,-788, 620;
6,-202,136,-47,52,-12,4,-781, 617;
7,-203,138,-49,55,-15,1,-781, 610;
6,-203,134,-51,58,-19,9,-785, 613;
7,-204,137,-55,60,-21,9,-785, 609;
5,-201,135,-55,63,-22,6,-795, 606;
9,-206,136,-54,64,-21,8,-785, 607;
6,-202,135,-53,65,-23,9,-788, 605;
3,-204,136,-53,63,-21,7,-789, 605;
5,-204,133,-51,64,-21,5,-786, 610;
5,-202,134,-50,63,-18,10,-792, 599;
8,-202,137,-50,61,-17,6,-790, 601;
8,-202,135,-49,59,-17,8,-796, 603;
8,-203,134,-49,58,-14,9,-791, 602;
7,-202,135,-46,56,-12,5,-789, 598;
7,-204,137,-43,56,-11,9,-790, 607;
9,-205,131,-41,55,-9,4,-789, 603;
7,-208,131,-39,55,-9,12,-788, 596;
7,-204,134,-37,54,-9,7,-786, 595;
8,-204,135,-34,54,-7,6,-791, 597;
6,-204,133,-34,53,-8,3,-782, 597;
5,-201,131,-35,55,-7,4,-790, 594;
5,-203,132,-33,55,-8,7,-788, 595;
7,-203,129,-34,56,-8,6,-789, 597;
5,-203,133,-36,55,-9,6,-783, 596;
6,-204,134,-38,57,-8,6,-787, 598;
7,-203,135,-38,58,-10,4,-788, 599;
6,-205,132,-40,58,-9,4,-790, 599;
6,-201,133,-40,60,-11,6,-786, 596;
8,-205,130,-42,60,-9,2,-795, 600;
6,-206,133,-43,60,-11,3,-787, 603;
4,-204,133,-42,62,-9,4,-790, 599;
7,-206,134,-42,63,-12,5,-793, 602;
7,-205,134,-40,63,-9,9,-791, 600;
3,-205,133,-38,64,-11,6,-793, 603;
8,-208,133,-35,63,-9,2,-798, 603;
8,-206,137,-32,63,-11,1,-798, 603;
6,-205,136,-29,63,-9,2,-797, 602;
7,-207,137,-28,62,-12,4,-799, 606;
8,-206,134,-26,62,-10,-1,-796, 604;
8,-208,134,-25,61,-13,7,-790, 602;
6,-204,132,-24,59,-11,4,-797, 604;
4,-207,135,-23,59,-13,4,-797, 602;
7,-205,132,-25,58,-10,5,-797, 601;
4,-202,134,-26,58,-13,6,-796, 599;
6,-208,132,-29,60,-13,-1,-795, 601;
6,-205,135,-30,60,-16,3,-795, 600;
5,-205,134,-29,60,-14,7,-796, 599;
3,-204,132,-29,62,-16,5,-796, 597;
6,-207,135,-29,63,-13,4,-798, 598;
11,-207,134,-30,63,-16,10,-796, 600;
7,-208,134,-29,64,-15,10,-799, 594;
7,-206,135,-29,65,-16,8,-802, 602;
9,-209,136,-26,66,-16,3,-799, 599;
8,-208,135,-24,66,-19,8,-798, 602;
7,-206,134,-21,65,-17,9,-799, 602;
5,-210,135,-19,64,-19,3,-802, 602;
6,-208,135,-17,62,-17,5,-799, 602;
6,-205,135,-18,63,-18,4,-793, 604;
7,-205,133,-19,62,-16,5,-794, 601;
6,-206,136,-21,62,-18,4,-796, 603;
12,-204,135,-26,62,-15,12,-790, 604;
4,-205,132,-33,64,-18,-1,-789, 603;
8,-206,131,-38,65,-16,1,-797, 596;
8,-203,132,-44,67,-17,11,-786, 591;
8,-205,132,-52,68,-14,10,-786, 597;
10,-205,137,-59,69,-16,13,-784, 600;
7,-203,130,-63,69,-15,9,-785, 596;
8,-200,134,-65,70,-16,11,-788, 594;
12,-204,131,-68,70,-15,7,-785, 592;
12,-205,132,-66,69,-15,14,-785, 592;
6,-208,131,-61,67,-13,11,-791, 595;
8,-203,131,-57,67,-12,11,-791, 597;
8,-204,130,-49,67,-10,5,-792, 592;
7,-203,135,-40,66,-9,8,-794, 596;
9,-206,133,-33,63,-5,7,-795, 594;
8,-203,133,-25,61,-5,9,-798, 593;
8,-205,136,-19,60,-2,9,-799, 593;
9,-204,133,-14,59,-1,11,-797, 595;
7,-206,132,-13,59,0,11,-796, 595;
9,-205,135,-11,59,1,9,-792, 590;
9,-207,133,-13,59,1,12,-800, 596;
9,-206,133,-13,59,1,15,-801, 591;
8,-207,131,-13,61,-1,12,-804, 594;
7,-208,136,-13,63,-1,14,-804, 591;
6,-207,132,-12,63,-1,12,-802, 592;
10,-207,130,-12,65,-2,8,-800, 592;
6,-204,132,-9,63,-4,9,-799, 593;
10,-210,130,-8,65,-3,8,-804, 591;
6,-206,132,-9,65,-5,5,-798, 589;
8,-205,131,-9,65,-5,4,-799, 591;
8,-205,129,-11,64,-6,9,-801, 591;
9,-203,126,-12,66,-6,8,-791, 587;
8,-209,131,-15,64,-7,2,-794, 587;
5,-204,133,-18,65,-6,5,-795, 588;
8,-204,129,-20,64,-6,4,-795, 588;
7,-203,128,-23,65,-6,5,-791, 587;
4,-205,129,-25,66,-8,7,-795, 589;
9,-205,130,-27,66,-7,6,-790, 591;
8,-205,131,-27,65,-8,7,-789, 594;
10,-207,133,-28,64,-7,11,-798, 598;
5,-207,132,-28,64,-9,8,-796, 594;
8,-203,130,-27,64,-7,10,-796, 597;
8,-207,132,-24,63,-8,7,-798, 599;
8,-205,134,-20,62,-6,8,-792, 596;
7,-205,133,-17,61,-8,8,-793, 600;
7,-206,134,-14,61,-5,7,-796, 601;
5,-205,134,-12,60,-7,6,-796, 597;
6,-208,134,-10,59,-5,5,-801, 599;
10,-205,134,-11,58,-7,6,-797, 594;
7,-204,134,-12,58,-5,4,-794, 594;
7,-204,132,-13,58,-7,9,-794, 592;
8,-207,134,-14,58,-5,8,-791, 592;
7,-206,134,-18,59,-7,6,-797, 597;
8,-205,133,-17,58,-4,7,-797, 595;
8,-205,131,-19,57,-7,8,-797, 592;
6,-206,134,-20,55,-4,8,-795, 589;
7,-204,132,-22,54,-6,7,-794, 589;
9,-207,129,-22,54,-2,4,-796, 589;
7,-206,132,-22,51,-6,5,-795, 587;
5,-207,131,-22,50,-2,6,-797, 590;
7,-205,130,-21,49,-3,2,-798, 591;
9,-209,129,-21,48,0,4,-801, 588;
6,-206,131,-18,48,-2,1,-802, 588;
4,-205,130,-16,50,3,3,-802, 592;
7,-207,133,-14,49,1,4,-800, 592;
7,-206,133,-12,48,4,4,-798, 593;
7,-203,132,-10,48,1,2,-801, 595;
7,-206,133,-8,49,2,4,-792, 591;
8,-206,132,-9,49,1,5,-794, 593;
6,-205,131,-11,50,1,4,-796, 597;
8,-207,130,-12,50,-3,2,-794, 600;
4,-206,135,-15,51,-1,8,-793, 598;
7,-206,133,-18,51,-5,10,-793, 597;
8,-206,134,-20,52,-3,5,-789, 599;
7,-203,134,-25,51,-5,9,-791, 595;
10,-206,134,-27,51,-4,14,-794, 603;
8,-205,134,-29,50,-7,8,-797, 605;
11,-206,135,-31,50,-7,11,-796, 606;
9,-205,136,-31,49,-8,12,-793, 599;
9,-207,132,-31,49,-8,10,-796, 602;
7,-205,133,-32,48,-9,13,-797, 603;
10,-208,134,-31,47,-9,11,-799, 603;
8,-206,131,-32,46,-11,10,-799, 604;
8,-208,135,-31,46,-11,11,-796, 601;
10,-209,135,-28,47,-12,15,-800, 594;
6,-205,135,-27,47,-11,11,-799, 601;
8,-205,137,-28,49,-10,11,-803, 595;
8,-205,131,-27,48,-9,12,-804, 599;
8,-207,135,-27,49,-9,9,-801, 590;
7,-206,131,-28,49,-10,10,-799, 595;
9,-208,131,-26,50,-8,11,-801, 592;
11,-207,135,-24,49,-8,9,-802, 592;
4,-204,132,-23,51,-7,8,-802, 595;
9,-208,132,-22,51,-6,12,-801, 597;
7,-208,132,-20,52,-4,6,-802, 596;
9,-206,133,-18,51,-3,8,-795, 588;
11,-206,130,-18,50,-1,7,-799, 590;
5,-207,131,-17,51,-1,4,-796, 590;
9,-207,130,-18,50,2,5,-791, 596;
10,-207,129,-19,50,2,7,-795, 593;
9,-205,133,-19,50,3,8,-798, 588;
10,-208,135,-20,49,1,5,-795, 592;
7,-205,130,-20,48,2,6,-793, 591;
7,-204,132,-21,48,0,14,-794, 588;
6,-205,128,-21,49,-2,10,-796, 590;
7,-206,132,-21,48,-5,13,-792, 588;
7,-207,132,-23,49,-5,10,-795, 588;
8,-204,131,-24,49,-9,12,-794, 584;
9,-206,131,-26,50,-8,11,-797, 590;
9,-207,131,-28,52,-12,14,-800, 590;
11,-209,132,-25,52,-11,13,-796, 591;
8,-205,133,-24,50,-15,16,-799, 590;
10,-206,133,-22,51,-12,10,-799, 590;
8,-207,133,-21,52,-14,12,-804, 589;
10,-205,132,-18,52,-11,11,-808, 590;
8,-210,130,-16,48,-14,9,-798, 588;
10,-207,132,-15,48,-10,9,-797, 591;
6,-206,130,-14,46,-13,12,-798, 586;
9,-206,131,-13,43,-11,10,-794, 591;
9,-206,134,-13,43,-13,8,-798, 593;
7,-203,130,-12,42,-12,13,-795, 593;
9,-205,128,-10,41,-15,11,-798, 591;
8,-206,132,-10,41,-12,11,-799, 592;
9,-206,133,-8,40,-17,8,-798, 597;
11,-207,134,-8,37,-17,12,-797, 590;
8,-205,131,-9,36,-20,10,-796, 595;
8,-205,133,-10,38,-18,11,-795, 587;
7,-208,131,-12,39,-19,8,-800, 583;
9,-207,132,-15,40,-16,10,-797, 591;
8,-206,132,-17,43,-19,11,-798, 589;
9,-208,133,-18,46,-17,8,-803, 586;
9,-207,129,-20,46,-19,8,-802, 588;
10,-208,129,-19,47,-15,12,-799, 592;
10,-205,132,-21,47,-17,12,-799, 587;
10,-205,131,-19,46,-17,11,-797, 594;
7,-206,130,-16,47,-18,12,-801, 591;
11,-208,132,-13,46,-16,14,-793, 598;
10,-208,130,-11,46,-17,11,-795, 594;
11,-207,137,-8,45,-15,8,-795, 602;
9,-206,135,-6,44,-16,10,-797, 600;
8,-206,134,0,42,-13,10,-800, 606;
7,-204,132,2,42,-14,11,-799, 606;
9,-205,135,4,43,-10,13,-797, 604;
12,-208,130,4,42,-11,15,-798, 602;
12,-208,133,4,43,-9,8,-794, 599;
7,-205,134,5,44,-12,15,-791, 600;
9,-207,134,3,44,-9,11,-796, 600;
7,-206,133,0,46,-10,13,-793, 598;
7,-203,131,-4,47,-11,7,-790, 597;
7,-206,131,-6,48,-11,12,-798, 595;
9,-209,131,-8,50,-10,13,-799, 594;
11,-204,130,-11,51,-12,19,-796, 589;
9,-205,133,-11,50,-11,14,-799, 593;
12,-205,134,-12,51,-12,21,-800, 591;
10,-204,136,-11,50,-13,11,-800, 591;
13,-208,134,-10,50,-14,14,-802, 589;
11,-205,129,-9,49,-14,19,-797, 588;
9,-206,129,-8,46,-14,11,-801, 589;
10,-209,133,-6,45,-14,13,-793, 589;
9,-204,132,-6,44,-15,18,-798, 586;
11,-207,130,-6,44,-14,18,-799, 587;
10,-206,130,-7,45,-14,19,-800, 591;
12,-206,131,-7,44,-14,18,-796, 589;
11,-202,131,-7,44,-12,19,-802, 588;
14,-205,131,-7,43,-14,18,-794, 592;
12,-207,131,-7,43,-14,18,-797, 589;
11,-206,133,-5,43,-15,20,-795, 594;
9,-206,133,-5,42,-12,16,-794, 592;
11,-204,136,-6,43,-13,19,-791, 594;
14,-206,135,-9,45,-10,22,-794, 591;
11,-203,131,-17,50,-11,31,-797, 598;
13,-205,132,-23,51,-11,25,-795, 597;
14,-204,128,-31,52,-13,22,-791, 594;
11,-205,132,-39,53,-12,21,-796, 593;
11,-205,130,-48,55,-13,29,-794, 584;
15,-203,133,-57,58,-11,33,-795, 592;
17,-202,133,-65,63,-13,40,-790, 593;
18,-203,132,-74,68,-10,41,-788, 594;
18,-204,132,-82,72,-13,46,-788, 589;
17,-203,129,-95,71,-11,47,-780, 587;
19,-199,132,-109,72,-11,57,-778, 592;
21,-199,132,-126,71,-7,58,-783, 591;
18,-200,135,-145,70,-5,53,-781, 587;
17,-203,132,-164,67,0,47,-788, 585;
15,-202,129,-181,58,4,37,-796, 583;
14,-207,128,-195,46,12,30,-799, 583;
13,-208,128,-204,32,16,30,-800, 586;
15,-210,130,-208,22,22,28,-798, 579;
11,-209,127,-207,12,22,17,-801, 574;
8,-207,127,-204,3,25,13,-794, 577;
8,-204,130,-201,-1,25,16,-793, 573;
9,-207,127,-197,-3,26,16,-792, 573;
8,-206,125,-195,2,22,16,-796, 571;
10,-207,126,-193,3,22,18,-803, 581;
13,-208,128,-192,4,16,16,-808, 584;
11,-211,133,-189,5,15,19,-810, 579;
13,-211,128,-184,7,12,19,-815, 583;
12,-212,128,-183,12,15,10,-823, 580;
7,-213,131,-177,16,16,14,-822, 579;
9,-213,127,-164,19,22,14,-828, 574;
8,-216,126,-153,22,23,10,-827, 570;
7,-214,126,-142,23,27,9,-826, 571;
8,-214,125,-129,23,25,11,-825, 570;
10,-212,128,-117,25,25,14,-823, 574;
9,-209,124,-103,30,21,13,-817, 565;
13,-211,128,-88,30,18,16,-826, 573;
12,-212,123,-75,29,11,21,-811, 572;
6,-207,123,-64,28,8,21,-814, 569;
2,-211,129,-56,28,0,18,-811, 570;
7,-207,126,-47,30,-3,20,-809, 570;
14,-215,131,-43,32,-9,17,-806, 572;
8,-213,127,-39,36,-11,18,-812, 574;
1,-207,134,-37,40,-16,19,-810, 574;
22,-204,123,-34,49,-19,16,-803, 577;
12,-203,129,-29,57,-23,19,-807, 576;
7,-206,119,-26,65,-27,15,-804, 575;
10,-208,124,-26,72,-29,23,-807, 572;
12,-211,131,-26,77,-32,31,-809, 572;
16,-211,130,-24,82,-36,32,-808, 574;
13,-210,129,-23,87,-36,34,-820, 586;
14,-211,131,-19,89,-39,28,-821, 583;
13,-213,129,-12,90,-40,26,-822, 581;
15,-213,128,-2,88,-44,31,-827, 581;
15,-213,128,9,85,-50,31,-821, 582;
12,-214,127,21,85,-54,24,-822, 584;
13,-215,129,30,83,-61,22,-826, 586;
11,-213,132,39,81,-66,27,-818, 584;
12,-214,127,48,81,-75,24,-824, 583;
14,-215,129,58,80,-84,27,-828, 584;
15,-214,130,69,82,-93,24,-824, 582;
11,-214,128,77,82,-101,30,-829, 577;
12,-215,130,80,87,-112,22,-831, 577;
12,-213,128,84,91,-120,20,-822, 573;
10,-213,128,88,94,-127,12,-825, 577;
12,-214,127,90,95,-130,16,-823, 575;
10,-213,128,93,100,-136,20,-823, 582;
13,-211,130,96,105,-141,19,-811, 575;
8,-208,130,98,105,-149,19,-810, 581;
8,-207,128,98,107,-151,19,-807, 580;
10,-209,127,99,107,-155,20,-809, 573;
8,-209,129,98,108,-159,21,-810, 577;
8,-209,134,96,107,-165,13,-812, 576;
11,-209,125,95,105,-164,22,-809, 574;
7,-210,128,92,103,-172,20,-804, 572;
11,-212,125,89,102,-175,17,-808, 577;
14,-212,131,90,101,-180,15,-816, 577;
5,-211,132,90,99,-180,13,-816, 582;
10,-212,129,90,100,-185,7,-819, 586;
9,-212,126,93,98,-186,12,-812, 573;
9,-213,129,93,97,-189,7,-817, 574;
5,-213,127,92,94,-188,3,-825, 579;
6,-213,129,94,91,-193,-3,-822, 576;
5,-211,128,95,87,-188,-1,-819, 574;
5,-210,127,95,83,-189,-5,-817, 579;
6,-212,127,96,81,-184,0,-817, 573;
5,-208,125,95,76,-183,2,-811, 571;
6,-213,129,92,73,-177,-1,-813, 570;
6,-213,130,90,69,-174,4,-816, 573;
8,-211,126,88,64,-166,5,-817, 574;
8,-209,127,86,60,-163,12,-819, 579;
8,-214,128,84,55,-155,15,-826, 579;
13,-210,128,80,48,-154,21,-814, 578;
11,-209,128,79,42,-151,27,-817, 583;
18,-212,129,80,36,-151,49,-815, 585;
16,-212,130,81,34,-152,44,-813, 583;
15,-211,129,80,31,-156,30,-808, 586;
14,-209,132,79,23,-156,31,-807, 586;
14,-204,129,73,11,-154,41,-808, 587;
17,-209,133,71,5,-150,45,-807, 593;
21,-210,134,70,1,-147,49,-804, 598;
16,-205,133,74,-3,-137,50,-806, 595;
17,-207,134,78,-5,-133,51,-802, 603;
16,-206,135,79,-5,-122,45,-802, 597;
16,-206,136,80,-9,-116,47,-799, 597;
15,-205,131,78,-11,-105,42,-799, 593;
18,-207,133,71,-18,-100,49,-800, 593;
19,-206,129,68,-21,-89,51,-799, 603;
23,-206,133,65,-22,-81,55,-799, 595;
23,-204,132,63,-21,-70,61,-794, 593;
22,-205,127,61,-19,-64,63,-795, 598;
22,-205,134,58,-18,-61,54,-790, 596;
21,-203,135,57,-17,-55,61,-791, 597;
20,-200,134,57,-19,-45,57,-791, 595;
24,-206,134,55,-18,-39,62,-791, 592;
23,-206,130,57,-17,-34,66,-795, 604;
23,-206,136,58,-14,-31,65,-795, 603;
23,-205,134,59,-10,-26,69,-792, 602;
22,-203,135,59,-9,-24,59,-786, 605;
24,-204,133,58,-3,-19,65,-784, 604;
21,-203,135,60,0,-15,67,-791, 603;
23,-199,136,61,4,-10,63,-787, 603;
23,-203,133,62,8,-9,68,-786, 600;
23,-200,137,62,14,-6,67,-786, 606;
28,-201,136,62,18,-4,70,-781, 604;
26,-202,135,59,26,-4,77,-787, 613;
24,-202,138,60,33,-5,73,-781, 615;
25,-201,138,60,38,-6,71,-786, 613;
25,-202,136,60,44,-9,72,-779, 608;
27,-202,141,61,47,-10,80,-781, 621;
22,-201,136,62,50,-9,73,-777, 618;
24,-202,134,63,52,-10,72,-785, 619;
24,-200,137,65,53,-9,67,-781, 617;
24,-201,140,64,55,-9,64,-778, 620;
24,-201,135,66,57,-4,71,-779, 618;
23,-199,136,67,58,-4,64,-778, 618;
21,-202,134,65,59,0,67,-780, 611;
23,-202,139,62,59,1,66,-776, 617;
23,-198,135,58,60,1,74,-782, 603;
25,-203,135,55,62,-1,76,-781, 605;
24,-199,135,48,60,-3,86,-779, 597;
24,-200,133,42,62,-8,70,-775, 602;
23,-199,137,39,60,-8,71,-779, 598;
23,-202,136,37,58,-10,72,-778, 604;
27,-204,132,34,59,-10,73,-782, 603;
24,-200,135,31,59,-14,73,-788, 598;
26,-202,134,29,63,-13,66,-781, 603;
26,-202,135,26,64,-18,73,-783, 597;
23,-202,133,22,68,-18,72,-783, 603;
23,-200,134,21,73,-22,72,-784, 596;
24,-204,137,19,75,-22,76,-780, 599;
28,-204,130,16,78,-25,75,-780, 595;
19,-199,134,14,79,-24,67,-779, 597;
27,-202,134,13,80,-26,78,-785, 595;
26,-201,132,9,81,-27,64,-779, 605;
26,-203,135,8,82,-26,74,-781, 601;
24,-199,134,8,82,-20,69,-780, 601;
25,-201,137,10,82,-20,70,-788, 613;
24,-203,135,14,81,-20,69,-786, 604;
22,-203,136,17,82,-15,69,-787, 611;
24,-201,137,21,83,-9,80,-784, 608;
25,-202,137,26,85,-14,77,-782, 613;
25,-204,135,32,86,-16,80,-787, 608;
22,-201,137,34,88,-19,62,-781, 613;
26,-202,136,38,88,-14,70,-782, 611;
25,-202,137,40,89,-15,68,-782, 610;
26,-200,135,39,90,-11,80,-778, 610;
29,-202,136,37,92,-20,80,-776, 609;
23,-201,138,36,91,-20,69,-777, 621;
23,-199,137,35,90,-19,75,-778, 613;
27,-199,136,32,88,-13,76,-778, 615;
22,-200,137,27,84,-15,74,-775, 611;
25,-199,138,19,80,-14,71,-768, 611;
22,-201,136,15,77,-14,64,-768, 620;
22,-198,138,9,74,-9,61,-765, 624;
24,-199,137,7,71,-8,64,-778, 622;
24,-198,140,2,68,-1,74,-774, 620;
22,-200,140,0,69,-5,72,-774, 618;
24,-201,135,0,72,-4,70,-777, 620;
25,-198,140,-4,74,-7,70,-776, 620;
27,-201,137,-2,77,-7,89,-784, 612;
22,-199,137,-2,79,-14,67,-767, 622;
23,-199,136,-2,82,-12,72,-771, 620;
24,-198,136,0,82,-12,78,-773, 622;
22,-197,136,0,81,-11,70,-776, 622;
24,-197,140,-2,82,-11,73,-769, 619;
24,-200,135,-3,81,-9,73,-775, 621;
27,-200,134,-3,80,-8,81,-775, 616;
24,-203,138,-9,82,-4,74,-774, 617;
23,-197,138,-14,82,-4,67,-775, 619;
22,-200,137,-16,81,1,61,-764, 619;
23,-200,138,-19,81,5,62,-776, 613;
22,-199,137,-20,80,8,65,-781, 618;
21,-201,138,-20,78,12,59,-780, 617;
20,-202,138,-22,78,13,59,-781, 622;
24,-204,138,-22,76,16,59,-784, 624;
23,-205,137,-19,74,17,60,-786, 618;
19,-207,134,-17,76,21,59,-787, 612;
22,-206,136,-13,72,22,54,-787, 619;
23,-204,136,-11,69,24,61,-790, 611;
19,-207,138,-8,69,23,57,-792, 614;
20,-203,138,-5,65,25,54,-794, 614;
21,-205,136,-2,63,25,61,-791, 617;
24,-207,137,0,59,28,57,-794, 612;
23,-208,137,3,58,28,57,-792, 615;
19,-205,137,6,54,32,48,-794, 614;
22,-204,136,10,52,33,58,-793, 619;
18,-202,136,15,49,34,53,-791, 613;
21,-204,135,18,47,34,56,-789, 614;
19,-205,137,21,47,37,55,-792, 607;
18,-205,136,23,45,36,53,-788, 613;
16,-206,138,27,41,41,54,-791, 609;
21,-207,134,33,36,42,61,-791, 602;
21,-204,134,33,41,44,59,-793, 607;
21,-204,135,34,44,42,65,-791, 602;
18,-201,135,35,44,43,54,-790, 602;
24,-203,135,36,45,38,73,-789, 608;
27,-203,137,40,50,37,79,-781, 613;
25,-204,138,42,52,31,75,-784, 625;
26,-201,136,44,55,30,76,-785, 631;
22,-202,138,48,53,25,74,-794, 629;
26,-206,139,49,52,23,76,-788, 633;
20,-200,142,52,51,16,61,-788, 637;
19,-203,139,56,47,19,57,-791, 646;
23,-203,141,63,48,17,58,-785, 644;
18,-201,143,68,49,22,54,-786, 638;
18,-202,142,70,47,21,55,-783, 642;
18,-200,142,66,45,26,54,-778, 637;
18,-202,143,61,42,21,52,-780, 635;
18,-200,143,54,42,22,46,-772, 640;
18,-198,142,44,42,19,47,-774, 641;
17,-197,137,35,42,20,42,-760, 629;
20,-197,136,25,42,19,50,-758, 625;
19,-193,137,13,49,19,53,-739, 615;
19,-194,135,1,56,20,56,-742, 612;
20,-192,134,-13,63,25,62,-736, 611;
21,-193,133,-26,68,24,59,-737, 602;
31,-195,135,-43,75,32,79,-748, 618;
29,-196,136,-54,81,29,94,-746, 614;
28,-195,135,-59,81,25,92,-749, 608;
27,-192,137,-67,81,18,81,-754, 613;
27,-197,136,-76,85,18,85,-753, 609;
31,-196,137,-83,86,14,93,-756, 611;
27,-196,136,-87,93,11,90,-759, 605;
27,-197,135,-89,97,8,97,-754, 597;
29,-197,130,-97,100,10,83,-750, 596;
30,-194,133,-104,106,13,100,-756, 594;
72,-204,114,-100,91,64,233,-769, 560;
7,-201,129,-117,142,92,12,-785, 573;
17,-200,136,-138,168,34,56,-766, 621;
22,-196,135,-140,142,10,84,-750, 608;
33,-196,133,-144,125,4,96,-755, 600;
34,-196,132,-155,127,1,99,-747, 588;
32,-196,130,-168,136,-2,97,-749, 591;
32,-196,134,-181,143,0,104,-754, 596;
36,-196,135,-192,148,-1,118,-758, 597;
33,-196,135,-199,155,-15,109,-767, 601;
31,-199,133,-207,164,-22,103,-773, 596;
31,-197,133,-208,170,-29,99,-774, 604;
33,-202,134,-210,175,-33,99,-785, 607;
29,-202,132,-208,181,-38,96,-784, 606;
34,-203,135,-205,185,-44,100,-793, 611;
30,-204,135,-201,189,-45,94,-790, 614;
30,-205,135,-194,195,-47,87,-791, 609;
28,-205,136,-186,197,-45,76,-794, 616;
26,-205,133,-179,204,-44,69,-790, 617;
25,-206,137,-171,212,-38,62,-794, 607;
25,-205,136,-167,216,-35,67,-790, 621;
22,-203,137,-167,227,-33,65,-788, 619;
22,-204,143,-162,232,-32,61,-791, 637;
17,-208,146,-156,238,-28,46,-801, 643;
16,-207,147,-146,238,-23,40,-806, 642;
16,-209,140,-136,233,-16,34,-803, 643;
15,-209,142,-129,230,-12,30,-801, 633;
14,-204,139,-125,226,-6,34,-792, 631;
12,-203,139,-125,225,-6,24,-784, 622;
10,-203,135,-131,228,-3,22,-789, 613;
11,-200,136,-134,230,-3,22,-785, 613;
10,-203,137,-139,234,-2,25,-784, 622;
12,-201,139,-142,239,-2,23,-783, 614;
13,-203,135,-142,243,1,33,-788, 611;
15,-204,132,-140,252,-4,36,-787, 613;
13,-204,133,-139,260,-2,21,-789, 599;
18,-202,136,-137,268,-5,52,-792, 598;
24,-210,140,-131,280,1,33,-805, 606;
23,-206,135,-127,286,-8,67,-796, 606;
16,-208,132,-113,306,-23,53,-801, 603;
17,-205,136,-100,317,-37,46,-804, 608;
19,-209,133,-90,325,-39,47,-807, 602;
16,-211,132,-76,330,-42,41,-812, 605;
23,-209,129,-64,335,-47,45,-810, 595;
10,-214,133,-52,336,-55,22,-825, 597;
8,-214,134,-38,338,-47,13,-829, 604;
-7,-211,133,-30,336,-38,24,-831, 599;
30,-216,142,-23,332,-8,81,-839, 618;
17,-214,135,-13,321,-22,50,-826, 596;
13,-215,130,-7,315,-31,29,-822, 598;
12,-214,132,-4,312,-40,21,-829, 604;
10,-214,133,-3,310,-39,7,-824, 591;
9,-211,132,-1,308,-40,12,-827, 594;
16,-214,131,2,301,-35,19,-821, 591;
-2,-210,130,6,303,-42,-11,-816, 586;
15,-214,128,7,308,-21,22,-832, 590;
18,-209,131,9,308,-16,51,-815, 593;
15,-207,135,11,314,-29,37,-809, 599;
8,-214,135,18,320,-45,18,-818, 600;
8,-210,135,28,324,-44,11,-822, 596;
10,-215,137,33,327,-30,-19,-815, 592;
22,-213,130,41,320,-24,61,-816, 600;
6,-208,131,47,323,-49,19,-816, 590;
4,-211,128,47,325,-54,8,-817, 598;
2,-212,134,53,326,-46,2,-812, 594;
9,-214,130,62,319,-37,15,-813, 588;
11,-209,134,69,311,-48,27,-805, 585;
6,-209,135,66,314,-59,4,-806, 600;
2,-211,136,68,319,-68,-2,-808, 601;
-9,-209,134,83,316,-69,-58,-803, 606;
14,-211,134,96,312,-55,24,-815, 601;
9,-210,134,109,316,-70,10,-812, 597;
11,-205,135,120,324,-86,18,-795, 596;
8,-205,137,128,338,-102,5,-800, 600;
5,-211,138,136,361,-101,-10,-807, 607;
15,-205,137,148,374,-100,27,-810, 607;
11,-209,136,156,392,-116,26,-806, 600;
8,-204,136,160,415,-134,11,-799, 601;
-1,-206,135,156,442,-143,-17,-799, 601;
15,-165,162,146,474,-122,11,-756, 615;
10,-216,151,159,519,-63,19,-830, 677;
7,-218,151,189,515,-123,16,-831, 676;
11,-218,157,231,490,-153,12,-830, 692;
-11,-207,150,265,480,-161,-67,-810, 675;
12,-213,143,293,477,-145,20,-832, 664;
18,-213,154,308,476,-137,43,-820, 687;
11,-208,155,325,477,-146,27,-809, 695;
15,-213,144,344,467,-117,26,-813, 660;
-4,-205,156,348,495,-114,-26,-791, 681;
2,-201,154,351,484,-117,-5,-782, 675;
0,-202,149,354,464,-114,-22,-770, 674;
6,-198,147,348,454,-100,-3,-754, 657;
20,-198,146,327,454,-97,46,-755, 658;
14,-196,148,308,466,-116,32,-747, 662;
4,-195,145,289,474,-128,-2,-751, 659;
14,-185,153,273,484,-122,39,-722, 672;
5,-197,147,264,501,-82,3,-769, 665;
3,-203,151,255,523,-106,-16,-776, 681;
18,-198,151,266,521,-105,50,-755, 671;
18,-195,149,269,520,-127,44,-744, 670;
11,-191,138,266,519,-146,28,-737, 658;
4,-190,144,258,519,-160,13,-730, 656;
3,-192,143,249,523,-159,-2,-723, 651;
7,-192,147,243,528,-156,8,-729, 647;
4,-189,142,242,536,-151,-2,-728, 642;
3,-191,145,244,540,-150,-3,-725, 638;
4,-187,141,244,540,-144,-2,-719, 632;
-2,-187,138,242,544,-143,-19,-718, 627;
-1,-189,136,238,552,-131,-28,-716, 626;
-2,-189,136,235,558,-119,-32,-713, 624;
-4,-187,132,231,562,-102,-32,-719, 596;
-5,-184,134,221,568,-93,-32,-717, 594;
-7,-186,134,208,573,-78,-51,-711, 593;
-1,-191,135,198,578,-68,-28,-722, 602;
-11,-191,132,193,576,-64,-55,-731, 595;
-9,-194,131,189,564,-64,-58,-735, 599;
-10,-196,130,186,554,-56,-56,-748, 598;
-11,-197,132,189,547,-52,-74,-755, 597;
-2,-199,135,201,539,-47,-33,-760, 603;
-3,-199,135,209,530,-58,-37,-764, 601;
-7,-201,136,217,528,-67,-53,-765, 617;
-11,-203,135,231,522,-74,-63,-776, 619;
-9,-200,141,246,512,-76,-61,-780, 622;
-12,-204,135,267,504,-87,-62,-791, 615;
-19,-209,132,293,495,-109,-93,-788, 630;
-18,-205,137,313,486,-111,-97,-793, 632;
-17,-203,140,332,479,-103,-92,-796, 624;
-8,-205,138,352,465,-80,-67,-779, 630;
-5,-199,138,361,451,-81,-38,-771, 626;
-13,-192,139,354,447,-97,-66,-739, 618;
-12,-187,139,343,438,-101,-65,-727, 626;
-11,-186,140,322,424,-102,-65,-709, 627;
-15,-180,143,292,411,-95,-72,-698, 632;
-4,-179,140,263,398,-80,-27,-683, 637;
-6,-173,145,227,389,-76,-46,-674, 646;
-7,-174,143,191,372,-82,-50,-668, 645;
-11,-171,148,158,350,-80,-52,-663, 655;
-11,-170,148,124,331,-82,-59,-653, 662;
-11,-166,151,96,311,-80,-61,-652, 673;
-15,-167,154,71,292,-85,-77,-644, 669;
-12,-169,144,45,273,-83,-72,-647, 674;
-12,-168,150,17,259,-84,-82,-651, 675;
-17,-174,153,-4,246,-87,-96,-668, 674;
-21,-178,146,-21,226,-89,-112,-671, 666;
-25,-179,149,-37,204,-92,-113,-681, 668;
-25,-180,147,-50,186,-93,-129,-685, 653;
-33,-183,143,-63,175,-91,-142,-702, 658;
-31,-185,139,-75,166,-84,-141,-708, 644;
-32,-190,141,-85,165,-75,-145,-723, 644;
-29,-191,139,-95,165,-64,-146,-729, 634;
-27,-196,144,-102,165,-52,-135,-743, 639;
-25,-197,143,-106,162,-43,-124,-748, 632;
-28,-197,142,-111,157,-38,-133,-756, 636;
-24,-199,146,-113,153,-33,-121,-767, 645;
-22,-197,150,-111,146,-33,-122,-762, 653;
-26,-199,149,-101,137,-30,-122,-764, 657;
-27,-200,148,-87,130,-27,-130,-761, 658;
-24,-197,148,-68,128,-16,-110,-756, 664;
-26,-194,147,-50,123,-13,-121,-750, 645;
-21,-195,144,-38,118,-8,-113,-743, 651;
-19,-191,144,-29,112,-7,-106,-730, 649;
-20,-191,141,-25,105,-2,-101,-727, 643;
-20,-189,140,-27,101,-4,-106,-716, 632;
-11,-187,139,-32,100,-2,-86,-715, 637;
-14,-185,146,-40,91,-13,-80,-711, 643;
-12,-184,142,-47,80,-20,-73,-706, 642;
-12,-185,140,-57,69,-35,-68,-705, 639;
-11,-187,140,-68,62,-48,-66,-706, 639;
-12,-185,139,-77,60,-64,-76,-712, 635;
-11,-186,141,-88,63,-76,-76,-712, 635;
-12,-187,136,-94,68,-88,-80,-713, 635;
-12,-189,138,-105,77,-96,-75,-720, 634;
-16,-189,140,-118,89,-103,-80,-728, 632;
-12,-193,140,-133,102,-102,-67,-731, 634;
-9,-194,143,-147,111,-103,-59,-742, 642;
-11,-195,154,-158,122,-99,-67,-746, 660;
-8,-197,142,-158,122,-98,-52,-751, 674;
-10,-196,154,-155,120,-92,-56,-750, 683;
-12,-194,152,-148,115,-87,-64,-744, 691;
-12,-193,154,-133,106,-74,-69,-735, 702;
-11,-191,157,-113,112,-60,-64,-735, 699;
-12,-191,158,-93,108,-47,-69,-725, 694;
-9,-186,154,-78,103,-36,-55,-713, 696;
0,-197,134,-60,89,9,-46,-752, 622;
-14,-185,158,-63,139,30,-70,-702, 700;
-14,-183,150,-63,124,13,-61,-698, 682;
-11,-176,150,-66,82,17,-58,-684, 688;
-9,-181,153,-77,65,32,-50,-677, 696;
0,-175,155,-87,49,35,-20,-673, 697;
-5,-175,160,-95,32,30,-38,-672, 697;
-8,-172,150,-105,14,24,-40,-661, 682;
-8,-173,147,-120,-3,28,-43,-671, 680;
-3,-177,142,-136,-24,35,-17,-659, 680;
-13,-181,146,-152,-31,55,-74,-689, 649;
-17,-183,143,-181,-32,36,-86,-710, 643;
-20,-187,141,-202,-54,34,-95,-716, 633;
-21,-191,141,-232,-67,35,-103,-733, 627;
-25,-194,141,-253,-78,44,-112,-742, 624;
-23,-196,137,-268,-87,48,-120,-760, 626;
-21,-199,140,-276,-98,60,-120,-769, 626;
-28,-199,140,-277,-107,68,-119,-780, 628;
-25,-203,140,-271,-116,78,-119,-780, 636;
-27,-204,139,-257,-119,84,-119,-789, 644;
-26,-202,148,-241,-123,94,-123,-785, 657;
-26,-203,153,-223,-126,100,-118,-786, 661;
-26,-202,148,-209,-129,109,-124,-778, 668;
-25,-200,150,-189,-130,111,-126,-777, 667;
-25,-201,148,-175,-133,115,-116,-765, 669;
-23,-197,146,-163,-134,112,-112,-767, 657;
-21,-196,146,-155,-134,107,-109,-754, 655;
-20,-197,143,-150,-134,101,-107,-749, 648;
-18,-195,138,-149,-138,96,-101,-740, 631;
-17,-193,135,-156,-136,90,-91,-739, 626;
-12,-194,137,-168,-131,84,-77,-730, 617;
-12,-192,137,-183,-125,78,-72,-743, 613;
-12,-192,137,-194,-125,72,-76,-735, 608;
-12,-193,134,-206,-120,71,-77,-730, 607;
-16,-193,140,-217,-115,74,-77,-739, 607;
-15,-195,137,-229,-106,78,-79,-743, 614;
-12,-194,140,-235,-104,83,-82,-745, 629;
-13,-195,140,-232,-104,90,-79,-738, 635;
-13,-198,140,-230,-107,93,-78,-751, 639;
-12,-197,139,-227,-109,97,-70,-757, 635;
-12,-197,141,-225,-105,100,-72,-770, 633;
-13,-199,145,-226,-102,103,-74,-781, 635;
-10,-205,140,-223,-103,106,-67,-784, 638;
-11,-209,143,-218,-102,109,-67,-795, 643;
-12,-207,143,-208,-105,109,-70,-803, 647;
-11,-208,145,-195,-111,106,-70,-797, 653;
-11,-209,144,-174,-116,100,-67,-796, 646;
-11,-206,143,-150,-112,95,-65,-790, 638;
-11,-204,136,-128,-104,91,-58,-787, 631;
-9,-200,137,-107,-88,93,-57,-775, 620;
-6,-198,135,-92,-69,96,-47,-770, 598;
-4,-198,131,-87,-55,104,-31,-759, 589;
1,-197,128,-91,-41,110,-17,-760, 584;
2,-200,129,-100,-39,122,-4,-755, 588;
8,-197,130,-116,-43,130,9,-764, 590;
6,-197,136,-134,-53,139,11,-759, 605;
11,-197,135,-147,-66,144,14,-758, 606;
9,-196,139,-162,-77,154,23,-754, 622;
6,-196,140,-170,-85,154,8,-746, 626;
5,-195,140,-176,-88,162,0,-743, 631;
3,-194,137,-182,-91,166,-2,-741, 635;
1,-195,141,-190,-91,168,-12,-745, 633;
-1,-195,138,-195,-87,163,-17,-737, 625;
-3,-196,136,-198,-83,157,-25,-751, 605;
-1,-195,136,-203,-75,141,-25,-749, 609;
0,-198,134,-207,-70,124,-26,-748, 610;
-5,-196,132,-207,-68,104,-34,-744, 602;
-4,-194,136,-210,-67,84,-30,-748, 600;
-7,-194,136,-214,-65,54,-32,-744, 605;
-8,-192,134,-217,-66,30,-39,-738, 594;
-6,-193,130,-223,-69,5,-37,-740, 593;
-2,-190,134,-231,-75,-13,-21,-726, 600;
-1,-186,134,-242,-86,-30,-16,-717, 603;
-2,-182,133,-255,-96,-38,-25,-714, 596;
2,-186,133,-275,-104,-47,-6,-713, 595;
1,-188,129,-302,-106,-53,-13,-715, 583;
4,-188,124,-336,-112,-65,-11,-716, 575;
8,-185,122,-368,-117,-73,-24,-730, 573;
-9,-190,116,-402,-123,-81,-24,-734, 579;
1,-189,119,-428,-134,-85,-26,-740, 571;
-7,-194,134,-449,-141,-93,-22,-751, 585;
-4,-195,125,-472,-146,-100,-25,-752, 582;
-3,-197,133,-500,-139,-106,-52,-758, 574;
1,-195,136,-528,-137,-103,-61,-756, 581;
-16,-203,137,-549,-148,-101,-97,-766, 593;
-16,-196,130,-561,-167,-86,-93,-771, 600;
-11,-201,135,-560,-185,-76,-61,-785, 602;
-9,-210,141,-551,-191,-69,-40,-802, 624;
-12,-208,138,-526,-190,-72,-69,-808, 635;
-9,-210,138,-498,-189,-68,-62,-822, 623;
1,-212,126,-473,-184,-63,-44,-812, 604;
-6,-210,133,-463,-171,-63,-51,-815, 583;
-5,-211,132,-462,-165,-63,-31,-820, 575;
-3,-210,124,-467,-163,-65,-22,-810, 568;
0,-210,123,-477,-159,-72,-24,-813, 552;
2,-207,126,-490,-154,-76,-3,-807, 559;
-3,-210,123,-500,-147,-87,-34,-811, 561;
-6,-210,125,-506,-143,-80,-40,-815, 565;
-4,-216,127,-510,-148,-70,-40,-825, 565;
-5,-219,124,-514,-160,-62,-46,-835, 563;
-6,-220,122,-515,-170,-55,-36,-836, 559;
-5,-217,123,-521,-174,-49,-29,-842, 558;
-7,-217,122,-534,-171,-49,-44,-845, 550;
-9,-216,118,-549,-166,-46,-51,-844, 539;
-8,-219,113,-570,-157,-38,-66,-850, 535;
-9,-221,116,-594,-140,-26,-58,-854, 529;
-3,-221,115,-610,-130,-9,-42,-855, 524;
-35,-180,140,-631,-121,-8,-232,-642, 538;
-6,-227,116,-635,-113,28,-30,-860, 534;
5,-225,121,-644,-112,30,-22,-863, 552;
3,-227,128,-640,-105,33,9,-865, 572;
-6,-228,128,-614,-86,33,-40,-874, 590;
-2,-231,134,-578,-76,53,-30,-880, 595;
3,-230,135,-534,-72,71,-9,-879, 604;
20,-241,136,-479,-61,98,42,-907, 585;
29,-234,131,-439,-48,84,82,-892, 595;
22,-233,125,-403,-26,58,51,-894, 585;
23,-233,126,-371,-8,41,43,-890, 576;
16,-223,127,-351,7,38,37,-873, 570;
33,-236,123,-329,13,49,85,-895, 555;
29,-229,119,-326,22,29,84,-878, 553;
16,-219,116,-331,35,8,42,-853, 549;
20,-226,122,-338,48,8,61,-864, 559;
24,-228,123,-353,54,2,56,-873, 563;
7,-212,138,-367,55,-5,22,-842, 596;
32,-226,130,-370,56,0,101,-873, 572;
35,-218,126,-381,61,-20,76,-860, 576;
36,-221,130,-387,73,-43,110,-847, 573;
23,-220,123,-388,88,-64,62,-851, 567;
16,-217,122,-391,102,-72,47,-846, 556;
19,-216,118,-400,116,-61,43,-837, 541;
25,-217,115,-418,128,-54,70,-837, 538;
17,-216,117,-440,141,-48,40,-836, 530;
12,-213,120,-470,155,-36,36,-830, 530;
30,-220,114,-494,168,0,92,-863, 522;
19,-217,119,-522,178,-9,62,-842, 535;
25,-219,116,-540,187,-12,78,-840, 539;
13,-218,121,-546,195,-23,32,-846, 543;
15,-224,126,-551,193,-14,33,-854, 552;
21,-227,123,-544,180,-14,47,-857, 552;
25,-226,120,-530,168,-8,61,-864, 539;
25,-222,118,-508,157,-18,68,-860, 537;
18,-213,111,-482,152,-24,-105,-715, 566;
29,-240,115,-442,147,2,97,-912, 533;
15,-226,110,-436,129,-38,46,-879, 490;
7,-228,110,-427,122,-70,7,-868, 494;
1,-229,102,-424,116,-84,-14,-877, 471;
2,-230,97,-426,110,-88,-18,-878, 457;
-2,-232,92,-432,100,-89,-26,-886, 436;
-4,-232,89,-438,96,-91,-40,-888, 425;
-5,-236,86,-444,92,-89,-42,-902, 405;
13,-239,85,-455,90,-96,7,-909, 404;
-20,-236,75,-458,92,-105,-88,-905, 373;
-12,-243,71,-469,93,-96,-88,-921, 353;
-15,-240,70,-481,88,-82,-83,-921, 345;
-11,-244,66,-493,85,-71,-89,-929, 327;
-16,-243,67,-503,88,-60,-100,-938, 327;
-16,-245,59,-509,89,-49,-103,-942, 313;
-19,-249,67,-514,93,-33,-104,-950, 316;
-17,-248,64,-519,93,-19,-100,-957, 309;
-18,-251,64,-521,97,-5,-108,-950, 309;
-23,-246,63,-524,102,7,-119,-950, 310;
-22,-246,60,-528,105,23,-116,-945, 315;
-22,-246,65,-528,107,42,-122,-937, 320;
-19,-245,67,-526,115,65,-103,-942, 328;
-16,-243,67,-521,123,86,-93,-947, 336;
-19,-243,69,-513,131,102,-103,-931, 343;
-21,-239,70,-506,139,120,-110,-920, 347;
-16,-241,77,-502,140,135,-99,-919, 358;
-13,-243,74,-496,136,150,-87,-926, 354;
-11,-238,71,-490,135,164,-72,-917, 358;
-11,-239,73,-484,132,176,-74,-914, 359;
-10,-238,74,-479,129,186,-62,-911, 361;
-6,-238,72,-474,127,194,-46,-909, 358;
-4,-238,74,-473,126,199,-36,-911, 357;
-7,-237,71,-469,128,203,-48,-905, 352;
-10,-237,71,-470,125,203,-53,-902, 352;
-11,-235,70,-473,118,206,-68,-902, 351;
-12,-234,71,-476,112,204,-64,-903, 349;
-12,-236,70,-479,112,209,-74,-901, 348;
-6,-238,67,-478,123,214,-62,-909, 338;
-12,-238,65,-473,136,218,-67,-908, 332;
-12,-237,65,-468,149,222,-71,-914, 325;
-9,-241,63,-458,163,228,-64,-922, 322;
-9,-242,64,-447,177,230,-72,-919, 326;
-10,-243,67,-429,191,232,-60,-927, 327;
-12,-240,61,-409,201,230,-73,-926, 326;
-11,-244,63,-390,209,231,-75,-927, 320;
-11,-243,63,-369,216,226,-74,-928, 316;
-12,-239,64,-351,223,228,-91,-924, 313;
-17,-242,61,-327,232,225,-93,-927, 308;
-21,-243,60,-310,235,227,-104,-940, 298;
-21,-247,59,-299,237,226,-117,-941, 286;
-22,-244,56,-289,241,234,-116,-931, 286;
-20,-245,53,-279,246,238,-118,-943, 279;
-24,-246,53,-274,251,249,-119,-935, 275;
-26,-243,52,-275,257,257,-121,-933, 261;
-21,-246,51,-284,263,272,-118,-931, 259;
-18,-246,52,-298,269,284,-106,-939, 265;
-21,-244,54,-309,271,306,-113,-937, 278;
-20,-244,53,-321,268,318,-105,-935, 276;
-18,-244,56,-324,265,335,-102,-938, 286;
-14,-244,56,-324,264,342,-98,-933, 287;
-12,-246,54,-322,260,353,-82,-937, 279;
-12,-246,49,-321,261,356,-66,-929, 277;
-10,-246,57,-320,265,360,-63,-938, 268;
-8,-242,53,-323,269,358,-53,-941, 269;
-2,-244,54,-328,275,356,-30,-942, 267;
-3,-246,52,-336,280,350,-41,-939, 273;
-2,-245,54,-347,286,345,-46,-940, 274;
-4,-245,54,-364,291,337,-41,-945, 275;
-5,-249,52,-382,297,336,-42,-951, 275;
-4,-252,55,-397,302,326,-44,-957, 282;
-6,-255,56,-407,309,320,-50,-966, 295;
-8,-256,62,-413,318,311,-67,-974, 298;
-8,-258,57,-413,328,306,-58,-977, 298;
-11,-255,58,-406,341,301,-69,-978, 299;
-13,-258,54,-399,355,300,-76,-977, 285;
-12,-254,53,-395,370,300,-72,-975, 279;
-9,-255,51,-401,388,303,-76,-972, 270;
-12,-249,52,-416,402,301,-69,-968, 266;
-11,-254,53,-432,414,302,-73,-968, 267;
-12,-252,52,-451,420,297,-76,-973, 268;
-14,-251,53,-471,423,296,-85,-974, 268;
-13,-251,53,-491,424,289,-81,-974, 264;
-14,-253,51,-514,423,288,-85,-971, 264;
-12,-254,42,-538,418,285,-80,-973, 243;
-12,-254,43,-567,413,281,-75,-970, 242;
-13,-254,47,-599,409,277,-86,-979, 237;
-13,-253,41,-633,406,274,-80,-974, 229;
-16,-252,44,-672,409,270,-97,-977, 230;
-12,-255,39,-706,414,274,-91,-979, 231;
-19,-259,41,-738,415,274,-97,-999, 238;
-23,-260,40,-766,414,273,-116,-1009, 238;
-23,-260,38,-787,409,275,-116,-1007, 228;
-27,-258,43,-811,403,280,-126,-989, 226;
-27,-259,41,-839,395,285,-135,-986, 222;
-27,-254,36,-869,389,292,-132,-979, 218;
-34,-254,39,-901,385,299,-153,-966, 219;
-37,-250,42,-934,379,303,-163,-963, 219;
-37,-249,42,-975,365,305,-171,-955, 227;
-39,-252,40,-1008,360,308,-175,-963, 232;
-37,-258,36,-1040,357,309,-182,-971, 233;
-39,-257,40,-1072,354,310,-184,-975, 224;
-39,-259,41,-1101,354,313,-178,-1000, 221;
-37,-259,34,-1132,351,318,-185,-1001, 201;
-41,-261,28,-1159,357,331,-184,-1016, 179;
-40,-262,24,-1187,356,342,-178,-1028, 170;
-29,-266,19,-1208,354,353,-162,-1033, 144;
-25,-265,15,-1230,361,366,-138,-1035, 121;
-23,-266,10,-1253,373,377,-120,-1039,  99;
-16,-268,1,-1270,385,381,-101,-1049,  83;
-11,-271,4,-1289,397,381,-74,-1053,  71;
-10,-272,-6,-1300,409,370,-64,-1061,  57;
-8,-274,-10,-1312,421,355,-64,-1068,  44;
-7,-276,-10,-1319,438,332,-66,-1071,  29;
-10,-276,-17,-1325,457,310,-63,-1072,  20;
-12,-277,-21,-1328,480,282,-72,-1077,  10;
-11,-282,-27,-1325,502,254,-56,-1101,   5;
-19,-280,-18,-1317,522,210,-129,-1087, -12;
-28,-284,-27,-1304,540,184,-144,-1084, -22;
-42,-280,-28,-1290,552,155,-183,-1084, -38;
-44,-279,-35,-1274,563,135,-216,-1085, -52;
-54,-277,-32,-1259,572,119,-242,-1075, -51;
-62,-274,-33,-1244,585,107,-267,-1064, -58;
-61,-274,-33,-1224,599,101,-282,-1052, -46;
-69,-270,-28,-1201,611,103,-292,-1054, -41;
-69,-273,-26,-1170,627,106,-299,-1054, -31;
-71,-273,-24,-1133,640,118,-304,-1050, -19;
-76,-274,-22,-1085,645,125,-312,-1056, -15;
-76,-273,-23,-1045,641,135,-322,-1055, -20;
-75,-271,-29,-1011,634,140,-327,-1061, -39;
-84,-265,-30,-988,626,147,-363,-1028, -39;
-88,-262,-30,-974,613,156,-369,-1016, -52;
-86,-260,-32,-968,600,172,-367,-1006, -63;
-80,-260,-38,-968,582,184,-358,-1003, -75;
-79,-259,-40,-972,567,195,-345,-1002, -71;
-79,-260,-40,-978,557,203,-344,-1001, -79;
-68,-261,-38,-986,549,218,-292,-1016, -82;
-61,-263,-42,-995,546,214,-282,-1019, -98;
-59,-266,-49,-1000,551,213,-245,-1033,-102;
-62,-265,-46,-1006,559,200,-268,-1034,-101;
-58,-272,-43,-1007,571,200,-258,-1049,-114;
-52,-275,-53,-1007,585,195,-245,-1069,-115;
-48,-279,-49,-999,600,190,-240,-1079,-127;
-49,-284,-55,-986,615,182,-219,-1091,-144;
-43,-284,-59,-970,630,175,-202,-1100,-152;
-37,-287,-63,-950,642,163,-180,-1109,-164;
-37,-286,-66,-926,652,143,-183,-1111,-185;
-38,-284,-68,-905,664,128,-185,-1097,-204;
-40,-285,-75,-895,678,120,-189,-1102,-223;
-41,-284,-81,-888,692,110,-190,-1096,-247;
-43,-282,-80,-881,702,102,-193,-1098,-266;
-47,-278,-87,-877,706,95,-216,-1088,-281;
-50,-271,-91,-877,704,98,-235,-1072,-292;
-53,-266,-97,-880,697,106,-236,-1055,-311;
-58,-268,-102,-888,687,114,-251,-1046,-325;
-59,-268,-105,-899,681,123,-260,-1041,-353;
-64,-264,-105,-915,673,125,-285,-1023,-362;
-64,-262,-114,-932,672,135,-269,-1034,-376;
-57,-262,-117,-950,674,144,-252,-1034,-390;
-53,-269,-117,-963,681,146,-245,-1043,-401;
-56,-266,-117,-979,688,142,-231,-1048,-413;
-55,-262,-122,-993,694,136,-250,-1033,-415;
-51,-268,-122,-997,700,143,-234,-1036,-416;
-48,-264,-123,-998,704,147,-225,-1030,-420;
-47,-262,-124,-993,706,148,-216,-1024,-420;
-43,-264,-121,-986,705,151,-212,-1019,-409;
-43,-262,-118,-971,696,155,-201,-1015,-400;
-46,-261,-119,-950,678,148,-210,-1012,-389;
-41,-263,-116,-922,666,156,-213,-1014,-393;
-43,-260,-117,-885,651,167,-207,-1011,-395;
-41,-259,-118,-846,634,172,-187,-1006,-387;
-40,-259,-116,-803,620,177,-192,-1007,-389;
-43,-257,-115,-765,613,183,-199,-999,-384;
-37,-256,-115,-730,608,191,-183,-979,-386;
-36,-253,-113,-698,607,199,-165,-976,-382;
-28,-253,-116,-674,608,207,-148,-972,-380;
-27,-249,-112,-655,612,207,-126,-961,-378;
-13,-255,-113,-639,620,205,-95,-969,-380;
-22,-244,-110,-625,631,195,-120,-945,-371;
-18,-246,-108,-608,637,198,-109,-947,-362;
-15,-242,-107,-595,632,192,-106,-941,-347;
-15,-245,-98,-583,621,183,-94,-938,-333;
-19,-241,-100,-569,606,162,-114,-935,-324;
-25,-237,-94,-557,585,145,-121,-924,-316;
-29,-241,-95,-539,567,134,-133,-923,-308;
-31,-242,-92,-511,550,134,-156,-926,-294;
-33,-242,-91,-479,529,139,-168,-916,-291;
-32,-240,-88,-436,518,143,-160,-924,-289;
-44,-237,-91,-399,516,143,-183,-911,-300;
-38,-237,-93,-364,518,158,-174,-921,-310;
-36,-241,-99,-329,523,171,-178,-924,-325;
-35,-241,-104,-293,534,193,-173,-929,-344;
-32,-243,-104,-253,547,207,-168,-933,-363;
-34,-245,-110,-215,565,223,-160,-936,-375;
-35,-243,-114,-177,579,234,-162,-938,-395;
-29,-245,-119,-143,590,248,-148,-933,-405;
-15,-248,-115,-108,611,239,-88,-955,-401;
-35,-242,-121,-80,607,230,-170,-928,-402;
-31,-247,-118,-66,595,254,-148,-946,-404;
-32,-245,-121,-48,581,265,-150,-941,-402;
-30,-246,-120,-26,566,266,-158,-951,-399;
-34,-246,-119,-2,547,269,-150,-947,-408;
-32,-245,-120,24,532,266,-153,-946,-408;
-32,-247,-122,47,523,268,-166,-948,-424;
-30,-248,-122,68,519,266,-141,-951,-415;
-37,-238,-120,92,525,236,-167,-922,-420;
-35,-240,-122,103,517,246,-180,-920,-425;
-34,-241,-121,106,514,276,-158,-927,-426;
-35,-238,-120,115,522,282,-175,-919,-418;
-35,-234,-123,124,525,292,-175,-912,-428;
-29,-235,-128,131,527,297,-143,-913,-434;
-33,-229,-124,130,524,289,-167,-897,-429;
-35,-231,-120,129,527,290,-169,-895,-414;
-25,-230,-123,136,525,298,-142,-914,-426;
-32,-223,-123,139,530,264,-131,-876,-421;
-34,-226,-118,135,515,291,-168,-875,-414;
-25,-226,-120,141,491,323,-127,-888,-407;
-22,-230,-117,169,479,333,-115,-886,-390;
-20,-227,-114,206,474,330,-107,-887,-386;
-24,-231,-114,244,470,331,-113,-890,-379;
-17,-234,-116,288,460,335,-114,-903,-382;
-19,-232,-114,327,449,334,-109,-908,-389;
-25,-233,-120,362,436,338,-127,-906,-402;
-20,-231,-121,386,426,340,-110,-895,-394;
-20,-230,-113,405,414,340,-110,-894,-388;
-19,-226,-117,417,406,340,-113,-893,-393;
-22,-225,-108,418,404,338,-116,-870,-373;
-20,-222,-109,421,400,337,-115,-879,-364;
-25,-221,-104,424,393,335,-125,-857,-336;
-26,-224,-90,435,388,338,-138,-866,-320;
-28,-217,-91,461,378,340,-137,-852,-299;
-28,-222,-88,489,370,343,-142,-849,-282;
-31,-221,-89,520,366,348,-143,-852,-300;
-30,-221,-85,548,355,354,-145,-847,-278;
-30,-218,-84,586,340,359,-158,-852,-278;
-34,-221,-92,625,337,356,-168,-860,-308;
-41,-215,-100,636,363,353,-182,-842,-336;
-42,-212,-102,619,364,358,-192,-834,-329;
-44,-211,-98,588,359,369,-218,-823,-315;
-50,-209,-91,567,354,378,-217,-826,-290;
-50,-210,-90,562,352,382,-223,-821,-291;
-48,-210,-87,561,348,384,-218,-817,-296;
-50,-206,-94,558,346,393,-224,-812,-297;
-46,-206,-93,550,352,396,-215,-813,-315;
-51,-203,-95,536,358,397,-228,-808,-312;
-53,-201,-94,518,369,391,-236,-796,-313;
-54,-201,-100,493,374,389,-237,-790,-324;
-53,-202,-96,468,374,382,-241,-784,-319;
-48,-200,-97,445,377,376,-221,-786,-316;
-45,-199,-98,427,387,366,-214,-779,-314;
-42,-199,-90,417,406,359,-195,-781,-292;
-43,-199,-87,420,432,345,-198,-778,-297;
-42,-200,-94,425,458,333,-195,-778,-319;
-44,-198,-94,419,489,322,-204,-778,-323;
-40,-198,-93,412,521,321,-202,-777,-317;
-39,-200,-96,401,544,315,-189,-781,-326;
-45,-199,-97,380,562,318,-214,-784,-310;
-42,-199,-90,378,576,324,-192,-783,-291;
-37,-201,-95,387,595,331,-182,-785,-294;
-38,-205,-96,394,617,332,-180,-795,-309;
-46,-203,-91,391,638,344,-207,-792,-293;
-45,-204,-89,399,656,364,-212,-794,-288;
-46,-206,-91,416,668,394,-216,-801,-289;
-50,-207,-92,431,682,419,-226,-816,-288;
-49,-215,-95,452,703,451,-225,-838,-307;
-50,-218,-92,473,728,475,-228,-839,-309;
-46,-218,-92,508,760,493,-219,-840,-302;
-46,-219,-97,546,788,506,-214,-848,-309;
-51,-217,-101,575,825,520,-232,-852,-328;
-56,-217,-91,592,860,538,-248,-848,-320;
-57,-219,-97,609,889,570,-264,-848,-322;
-58,-221,-111,624,918,601,-260,-870,-366;
-65,-218,-103,626,955,627,-288,-853,-336;
-56,-221,-105,651,1002,655,-259,-853,-346;
-50,-220,-109,672,1053,679,-229,-866,-361;
-52,-223,-112,675,1106,696,-240,-865,-370;
-69,-223,-101,654,1153,726,-304,-854,-332;
-57,-223,-111,656,1164,759,-250,-861,-378;
-47,-219,-116,651,1179,772,-221,-858,-389;
-53,-218,-110,647,1212,770,-245,-851,-367;
-58,-222,-117,660,1275,784,-269,-858,-385;
-56,-218,-108,670,1336,790,-241,-852,-359;
-43,-214,-115,669,1357,800,-213,-846,-384;
-44,-211,-113,633,1379,794,-209,-832,-374;
-49,-207,-103,592,1409,791,-219,-814,-345;
-39,-205,-96,577,1446,788,-187,-803,-315;
-28,-202,-103,581,1498,783,-141,-799,-321;
-23,-201,-94,578,1533,758,-125,-794,-311;
-28,-199,-99,586,1570,735,-136,-785,-329;
-29,-201,-111,587,1602,710,-153,-791,-354;
-28,-200,-100,578,1634,676,-145,-778,-334;
-27,-199,-108,581,1669,642,-141,-781,-361;
-34,-198,-111,572,1696,603,-165,-776,-362;
-38,-197,-114,558,1716,565,-168,-779,-372;
-41,-199,-107,533,1725,528,-180,-770,-379;
-48,-197,-111,505,1726,472,-213,-761,-373;
-53,-192,-112,483,1714,430,-234,-750,-374;
-60,-190,-110,476,1704,387,-248,-746,-385;
-64,-192,-123,477,1701,352,-272,-747,-410;
-68,-193,-128,475,1707,318,-290,-750,-437;
-75,-193,-129,469,1716,284,-315,-736,-454;
-76,-190,-137,461,1717,255,-339,-733,-489;
-87,-188,-144,452,1713,233,-355,-726,-499;
-86,-183,-142,441,1711,220,-357,-720,-513;
-83,-185,-153,429,1708,215,-365,-711,-538;
-92,-180,-154,405,1708,208,-384,-705,-537;
-100,-181,-155,361,1695,208,-408,-711,-540;
-108,-180,-147,304,1675,201,-421,-715,-530;
-116,-184,-150,244,1641,206,-469,-717,-544;
-118,-186,-146,194,1600,229,-482,-725,-520;
-121,-193,-137,154,1547,251,-489,-739,-504;
-123,-196,-133,122,1485,270,-500,-756,-482;
-128,-202,-126,106,1421,289,-509,-780,-446;
-128,-204,-128,104,1354,307,-513,-794,-432;
-127,-204,-120,114,1286,320,-517,-803,-414;
-133,-207,-119,138,1216,336,-520,-809,-405;
-130,-214,-118,178,1137,346,-528,-813,-400;
-132,-211,-112,215,1075,355,-528,-817,-395;
-131,-211,-116,255,1013,355,-531,-810,-393;
-126,-212,-111,293,952,363,-526,-812,-394;
-128,-212,-111,329,895,361,-520,-812,-385;
-124,-209,-117,365,844,366,-512,-813,-392;
-122,-212,-116,395,797,358,-492,-817,-397;
-118,-208,-120,418,756,352,-484,-814,-393;
-115,-208,-115,431,718,339,-482,-805,-397;
-114,-208,-115,446,684,333,-471,-809,-395;
-113,-205,-115,455,645,321,-461,-806,-390;
-108,-206,-115,455,617,311,-437,-820,-389;
-101,-211,-117,442,589,292,-416,-832,-387;
-95,-213,-113,425,562,274,-397,-830,-381;
-85,-216,-110,404,542,250,-370,-841,-370;
-79,-217,-109,392,527,234,-345,-846,-361;
-73,-223,-107,381,520,215,-316,-865,-371;
-67,-231,-112,372,521,198,-293,-889,-379;
-57,-241,-131,358,526,172,-264,-933,-444;
-44,-263,-151,292,548,130,-226,-1034,-538;
-47,-261,-124,164,597,85,-215,-1032,-454;
-51,-255,-105,129,607,53,-225,-981,-370;
-47,-248,-95,171,582,17,-212,-947,-324;
-47,-238,-98,248,550,-12,-212,-905,-321;
-45,-231,-99,332,519,-37,-213,-877,-315;
-33,-230,-98,410,485,-53,-193,-855,-338;
-51,-214,-102,472,452,-81,-223,-841,-323;
-47,-217,-101,522,431,-68,-207,-838,-329;
-56,-211,-103,554,411,-61,-237,-819,-333;
-49,-214,-120,569,394,-32,-229,-841,-399;
-48,-210,-118,533,373,-31,-211,-818,-398;
-54,-212,-122,504,351,13,-255,-827,-416;
-68,-204,-115,468,376,1,-282,-803,-391;
-74,-204,-114,437,358,-13,-309,-798,-380;
-83,-200,-115,406,321,-18,-355,-787,-386;
-83,-203,-117,371,284,5,-350,-790,-396;
-89,-208,-113,324,256,21,-365,-818,-401;
-91,-211,-118,268,232,11,-393,-827,-393;
-92,-215,-111,211,203,2,-387,-854,-367;
-92,-222,-109,159,182,1,-392,-874,-365;
-91,-226,-106,107,165,3,-385,-882,-351;
-89,-234,-101,72,160,11,-395,-892,-349;
-100,-240,-91,59,157,-12,-416,-912,-292;
-96,-243,-95,67,128,-4,-402,-934,-312;
-88,-248,-100,75,99,-6,-379,-952,-320;
-83,-249,-99,76,74,-24,-368,-955,-325;
-80,-248,-98,76,45,-50,-346,-955,-326;
-81,-247,-100,75,13,-78,-349,-943,-328;
-77,-241,-102,71,-11,-100,-333,-934,-338;
-77,-238,-106,63,-23,-116,-331,-919,-347;
-76,-240,-102,48,-22,-134,-322,-921,-332;
-76,-237,-98,38,-26,-161,-319,-914,-322;
-64,-249,-104,30,-33,-180,-294,-933,-326;
-76,-231,-98,3,-43,-220,-333,-898,-318;
-72,-237,-96,-8,-63,-227,-307,-920,-311;
-69,-241,-95,-13,-88,-224,-291,-927,-314;
-69,-240,-95,-23,-106,-235,-284,-930,-306;
-70,-240,-89,-31,-127,-257,-282,-928,-287;
-68,-242,-95,-34,-158,-269,-284,-925,-296;
-63,-236,-93,-42,-202,-281,-283,-913,-286;
-68,-234,-90,-35,-238,-277,-286,-903,-292;
-66,-232,-94,-30,-259,-279,-285,-886,-301;
-67,-226,-95,-26,-271,-285,-291,-865,-312;
-68,-220,-92,-18,-279,-289,-292,-847,-307;
-72,-215,-93,-11,-286,-285,-298,-839,-307;
-76,-209,-94,-1,-290,-282,-307,-820,-311;
-74,-211,-99,9,-298,-263,-310,-821,-311;
-77,-199,-87,13,-303,-256,-331,-814,-329;
-81,-208,-94,4,-308,-265,-345,-803,-307;
-79,-203,-95,6,-336,-251,-347,-792,-312;
-80,-204,-94,2,-359,-234,-348,-794,-306;
-78,-199,-94,-10,-375,-222,-344,-787,-296;
-77,-202,-91,-25,-387,-208,-343,-783,-285;
-78,-199,-87,-39,-395,-199,-332,-779,-273;
-80,-197,-75,-55,-399,-189,-342,-777,-263;
-72,-192,-94,-74,-410,-181,-347,-775,-270;
-79,-205,-85,-95,-423,-169,-345,-780,-260;
-78,-194,-75,-116,-428,-164,-338,-786,-255;
-76,-199,-75,-134,-431,-162,-321,-784,-251;
-73,-201,-92,-157,-424,-169,-308,-792,-253;
-64,-207,-80,-171,-414,-175,-302,-800,-250;
-71,-212,-79,-180,-405,-188,-297,-805,-242;
-73,-219,-81,-180,-390,-196,-294,-817,-237;
-62,-215,-74,-169,-369,-207,-282,-828,-223;
-59,-218,-76,-149,-344,-214,-263,-844,-219;
-59,-220,-70,-125,-320,-228,-253,-852,-214;
-56,-222,-69,-104,-303,-239,-247,-862,-206;
-59,-228,-70,-84,-290,-252,-245,-867,-202;
-51,-229,-66,-65,-285,-264,-224,-882,-199;
-47,-233,-67,-49,-281,-279,-206,-891,-199;
-42,-235,-65,-39,-283,-291,-201,-901,-213;
-44,-238,-73,-31,-280,-308,-200,-906,-215;
-46,-239,-72,-28,-279,-317,-205,-920,-221;
-46,-241,-75,-24,-278,-326,-199,-928,-223;
-46,-243,-73,-20,-279,-326,-212,-942,-222;
-43,-245,-67,-11,-279,-325,-192,-949,-207;
-43,-247,-70,5,-280,-322,-188,-949,-213;
-45,-250,-68,22,-277,-326,-208,-953,-206;
-47,-248,-65,40,-271,-319,-211,-952,-202;
-47,-249,-68,66,-270,-315,-222,-956,-192;
-47,-250,-64,82,-269,-307,-215,-959,-195;
-46,-251,-65,97,-267,-307,-223,-961,-187;
-49,-251,-60,112,-264,-306,-230,-961,-175;
-53,-250,-62,128,-262,-310,-238,-963,-179;
-53,-247,-62,143,-253,-311,-243,-958,-178;
-58,-249,-63,159,-245,-315,-249,-956,-178;
-56,-251,-63,168,-233,-316,-256,-958,-183;
-59,-254,-70,172,-221,-316,-263,-964,-187;
-60,-250,-61,174,-213,-319,-265,-966,-185;
-61,-250,-63,174,-207,-324,-262,-969,-182;
-61,-252,-62,174,-202,-327,-264,-966,-178;
-59,-250,-61,172,-197,-333,-264,-963,-180;
-59,-251,-61,167,-194,-336,-261,-970,-184;
-57,-249,-60,160,-197,-340,-257,-964,-164;
-53,-254,-57,151,-204,-345,-241,-959,-169;
-56,-251,-60,147,-213,-356,-241,-956,-164;
-55,-251,-56,141,-225,-362,-234,-955,-163;
-54,-249,-58,136,-236,-371,-241,-956,-169;
-54,-248,-56,127,-247,-382,-240,-950,-165;
-58,-245,-58,128,-256,-389,-248,-946,-166;
-61,-244,-56,136,-266,-395,-255,-939,-164;
-60,-246,-58,152,-277,-399,-257,-938,-166;
-60,-242,-61,169,-287,-405,-253,-920,-166;
-61,-238,-59,190,-297,-412,-263,-914,-192;
-63,-236,-67,199,-312,-416,-266,-903,-197;
-61,-229,-71,203,-325,-416,-274,-892,-210;
-66,-228,-73,200,-337,-418,-273,-883,-224;
-60,-223,-77,193,-348,-412,-274,-864,-226;
-64,-218,-72,186,-363,-409,-277,-851,-226;
-67,-216,-72,179,-379,-404,-284,-841,-222;
-66,-214,-76,175,-395,-401,-286,-835,-224;
-70,-212,-76,171,-413,-397,-293,-827,-239;
-72,-208,-77,166,-433,-397,-300,-819,-250;
-68,-213,-82,150,-446,-394,-296,-828,-256;
-70,-210,-84,131,-460,-396,-292,-828,-259;
-71,-216,-84,108,-469,-397,-297,-839,-264;
-74,-215,-82,86,-482,-404,-300,-848,-258;
-72,-221,-79,68,-499,-411,-308,-860,-253;
-76,-224,-81,48,-526,-422,-313,-869,-253;
-73,-227,-79,34,-547,-427,-305,-878,-251;
-76,-227,-81,20,-568,-435,-320,-889,-252;
-74,-233,-82,-2,-588,-429,-304,-906,-257;
-70,-237,-81,-32,-607,-434,-302,-907,-246;
-68,-238,-79,-49,-616,-441,-291,-912,-229;
-73,-236,-74,-56,-621,-455,-298,-909,-233;
-66,-239,-74,-62,-617,-454,-285,-920,-234;
-65,-239,-80,-69,-612,-458,-276,-925,-237;
-60,-239,-77,-76,-605,-457,-261,-929,-233;
-61,-238,-76,-85,-602,-463,-264,-920,-223;
-58,-240,-76,-93,-602,-462,-268,-915,-234;
-61,-236,-76,-99,-602,-457,-260,-910,-220;
-56,-239,-76,-98,-604,-444,-254,-909,-228;
-57,-235,-78,-101,-610,-436,-246,-913,-240;
-50,-237,-76,-112,-616,-425,-236,-918,-245;
-51,-237,-78,-126,-617,-420,-225,-923,-253;
-51,-238,-76,-147,-625,-406,-220,-936,-240;
-46,-244,-77,-157,-641,-405,-217,-933,-240;
-42,-245,-77,-159,-654,-410,-197,-949,-240;
-50,-246,-80,-155,-663,-419,-224,-957,-239;
-49,-253,-80,-157,-674,-411,-223,-974,-247;
-45,-258,-78,-163,-688,-413,-208,-988,-247;
-45,-259,-79,-170,-699,-413,-201,-1002,-248;
-44,-260,-79,-177,-707,-417,-208,-1017,-254;
-45,-262,-79,-184,-713,-414,-205,-1032,-248;
-46,-269,-78,-191,-718,-417,-209,-1035,-244;
-43,-267,-81,-195,-720,-416,-158,-1047,-241;
-57,-270,-76,-191,-728,-431,-247,-1056,-239;
-53,-269,-79,-191,-729,-403,-238,-1043,-241;
-50,-264,-77,-195,-733,-377,-225,-1038,-245;
-45,-262,-75,-202,-734,-353,-219,-1020,-224;
-46,-260,-75,-200,-724,-340,-210,-1015,-231;
-44,-260,-75,-199,-717,-326,-211,-1011,-224;
-46,-257,-71,-202,-713,-314,-209,-1003,-231;
-25,-262,-71,-204,-705,-297,-154,-1002,-217;
-45,-253,-70,-202,-704,-303,-206,-991,-222;
-42,-254,-70,-197,-697,-286,-204,-977,-212;
-36,-259,-71,-188,-691,-266,-177,-985,-209;
-33,-255,-70,-177,-683,-257,-172,-982,-208;
-33,-257,-65,-157,-679,-254,-169,-992,-199;
-34,-257,-67,-133,-674,-250,-156,-991,-189;
-33,-256,-62,-109,-669,-252,-145,-992,-176;
-29,-254,-58,-85,-665,-253,-134,-976,-166;
-25,-256,-57,-59,-662,-259,-136,-974,-163;
-26,-249,-59,-40,-659,-268,-129,-963,-166;
-19,-245,-61,-22,-655,-277,-119,-955,-166;
-21,-246,-62,-11,-646,-282,-112,-949,-174;
-17,-244,-62,-6,-637,-289,-103,-940,-180;
-21,-239,-66,-3,-621,-298,-107,-930,-184;
-13,-241,-63,-2,-604,-302,-104,-923,-185;
-13,-241,-68,-2,-590,-309,-97,-924,-189;
-13,-240,-65,-2,-578,-318,-90,-920,-186;
-13,-238,-62,-5,-566,-327,-87,-915,-189;
-13,-237,-62,-8,-556,-332,-81,-918,-188;
-14,-238,-62,-6,-548,-338,-89,-920,-182;
-17,-237,-62,-4,-536,-343,-94,-917,-184;
-14,-241,-57,2,-519,-347,-88,-927,-166;
-16,-246,-57,3,-510,-353,-96,-943,-166;
-20,-246,-58,11,-497,-357,-112,-939,-164;
-14,-248,-54,23,-483,-357,-95,-952,-135;
-14,-253,-49,27,-479,-361,-105,-966,-116;
-23,-252,-54,47,-471,-361,-112,-969,-131;
-23,-255,-51,67,-454,-359,-117,-970,-138;
-15,-253,-57,85,-428,-352,-107,-974,-155;
-14,-253,-57,100,-398,-348,-93,-977,-152;
-13,-255,-56,112,-374,-344,-90,-972,-152;
-12,-254,-56,120,-354,-344,-86,-969,-145;
-13,-250,-53,126,-341,-341,-84,-967,-147;
-12,-252,-57,135,-329,-343,-80,-964,-144;
-12,-251,-54,141,-323,-343,-87,-962,-146;
-15,-249,-57,145,-320,-345,-83,-955,-145;
-17,-249,-56,148,-318,-343,-97,-960,-149;
-16,-252,-54,152,-319,-342,-94,-963,-147;
-15,-249,-56,157,-316,-339,-92,-962,-144;
-13,-251,-57,166,-313,-336,-91,-972,-155;
-13,-251,-55,175,-308,-329,-95,-969,-152;
-12,-252,-59,186,-301,-325,-85,-971,-162;
-12,-252,-58,192,-289,-316,-81,-971,-161;
-10,-252,-59,193,-272,-311,-74,-967,-165;
-11,-249,-60,195,-256,-300,-66,-966,-167;
-8,-251,-64,191,-241,-296,-61,-964,-175;
-6,-251,-61,187,-221,-286,-61,-961,-178;
-4,-249,-60,179,-202,-278,-51,-957,-179;
-3,-246,-65,174,-186,-267,-50,-952,-185;
-7,-245,-64,165,-174,-258,-50,-945,-184;
-10,-241,-64,152,-164,-244,-52,-945,-195;
-11,-241,-71,137,-157,-235,-68,-932,-207;
-12,-243,-77,119,-154,-217,-72,-934,-226;
-12,-245,-81,90,-158,-204,-79,-936,-245;
-12,-245,-83,66,-163,-185,-93,-940,-253;
-15,-247,-83,40,-167,-172,-98,-954,-269;
-17,-249,-85,17,-172,-151,-99,-975,-268;
-16,-254,-83,-5,-175,-136,-97,-982,-274;
-14,-257,-84,-23,-177,-118,-92,-1009,-260;
-11,-260,-83,-37,-178,-105,-78,-1013,-255;
-9,-259,-80,-47,-177,-88,-68,-1006,-247;
-6,-255,-80,-52,-174,-79,-47,-998,-245;
-3,-256,-77,-56,-167,-65,-39,-988,-251;
-1,-253,-78,-56,-156,-58,-29,-972,-246;
2,-249,-80,-52,-150,-53,-19,-960,-246;
3,-245,-82,-48,-153,-54,-13,-958,-253;
8,-244,-80,-48,-160,-57,-2,-939,-257;
4,-241,-83,-52,-167,-68,-7,-933,-256;
8,-235,-82,-63,-173,-77,0,-923,-259;
7,-235,-80,-75,-179,-92,-1,-918,-259;
7,-235,-76,-94,-182,-105,1,-914,-248;
6,-235,-76,-110,-183,-118,-1,-914,-224;
7,-238,-70,-118,-182,-130,3,-920,-216;
9,-243,-69,-121,-177,-143,5,-936,-197;
10,-246,-69,-119,-171,-147,6,-935,-198;
12,-249,-67,-113,-162,-153,19,-953,-206;
17,-249,-67,-105,-149,-155,23,-969,-209;
18,-255,-65,-94,-130,-161,32,-988,-198;
19,-256,-67,-82,-117,-163,42,-1007,-205;
23,-258,-71,-70,-103,-160,50,-1013,-208;
23,-262,-68,-59,-89,-159,57,-1018,-209;
23,-265,-69,-55,-77,-156,56,-1032,-202;
20,-264,-65,-49,-69,-149,58,-1032,-189;
23,-265,-65,-38,-65,-146,66,-1040,-185;
26,-265,-65,-29,-58,-144,74,-1047,-193;
30,-268,-64,-23,-48,-146,75,-1046,-182;
28,-267,-64,-21,-42,-148,77,-1042,-180;
26,-267,-62,-21,-35,-152,77,-1035,-174;
25,-264,-57,-25,-33,-154,71,-1030,-166;
29,-262,-58,-26,-35,-154,73,-1023,-162;
26,-258,-59,-29,-41,-159,76,-1009,-156;
27,-259,-58,-35,-47,-163,72,-1010,-155;
22,-259,-55,-52,-56,-169,55,-1005,-144;
16,-258,-52,-63,-69,-171,44,-1003,-143;
15,-256,-51,-77,-87,-171,35,-996,-142;
16,-254,-55,-92,-106,-170,39,-995,-141;
17,-256,-54,-103,-122,-178,29,-999,-151;
11,-257,-53,-118,-136,-182,13,-981,-144;
9,-254,-59,-124,-145,-185,10,-999,-156;
8,-257,-57,-129,-152,-186,0,-996,-151;
7,-256,-56,-136,-158,-189,-12,-987,-153;
2,-255,-53,-144,-163,-190,-18,-981,-155;
1,-255,-54,-151,-170,-195,-23,-995,-157;
1,-256,-59,-157,-175,-197,-24,-999,-161;
-1,-256,-53,-163,-182,-200,-25,-995,-145;
1,-256,-56,-164,-189,-199,-27,-1000,-146;
4,-259,-53,-161,-193,-200,-23,-1002,-135;
5,-258,-53,-154,-195,-197,-12,-997,-139;
9,-257,-53,-144,-196,-199,-9,-998,-133;
6,-253,-51,-133,-197,-197,-1,-995,-125;
12,-255,-50,-117,-200,-200,11,-996,-127;
13,-256,-45,-110,-204,-174,12,-1002,-122;
20,-252,-44,-94,-201,-184,46,-967,-120;
13,-249,-51,-72,-204,-192,24,-960,-123;
14,-246,-52,-55,-208,-196,31,-952,-127;
16,-246,-51,-43,-210,-192,41,-945,-133;
17,-241,-48,-36,-212,-192,44,-934,-134;
22,-247,-53,-33,-216,-188,49,-934,-138;
18,-242,-54,-32,-218,-188,54,-932,-142;
24,-241,-55,-35,-217,-181,58,-926,-149;
25,-237,-56,-41,-214,-179,60,-931,-149;
25,-238,-59,-48,-207,-171,58,-927,-160;
25,-239,-61,-61,-202,-168,67,-928,-164;
27,-237,-59,-68,-197,-161,66,-928,-169;
27,-240,-61,-76,-191,-159,72,-928,-173;
27,-242,-61,-81,-182,-152,72,-932,-173;
26,-244,-62,-86,-172,-150,72,-933,-176;
26,-244,-62,-89,-165,-142,69,-943,-172;
27,-243,-62,-92,-162,-141,70,-942,-182;
21,-242,-63,-93,-161,-136,65,-943,-183;
26,-245,-61,-96,-162,-136,62,-946,-189;
26,-245,-65,-99,-166,-135,63,-945,-186;
24,-248,-69,-99,-166,-135,61,-951,-195;
20,-245,-67,-97,-168,-130,58,-953,-198;
22,-248,-68,-92,-168,-128,58,-953,-205;
21,-248,-68,-90,-170,-121,59,-956,-202;
22,-249,-73,-89,-172,-120,60,-962,-219;
23,-248,-71,-89,-172,-116,60,-957,-217;
23,-247,-76,-91,-169,-118,56,-959,-217;
20,-248,-74,-95,-168,-115,56,-951,-220;
24,-247,-75,-100,-168,-115,56,-954,-222;
22,-249,-78,-110,-170,-113,53,-955,-235;
20,-249,-74,-118,-172,-115,51,-966,-236;
18,-249,-76,-127,-174,-115,55,-972,-232;
18,-251,-74,-135,-175,-119,51,-971,-232;
19,-255,-76,-138,-179,-119,43,-974,-224;
19,-253,-72,-140,-183,-120,44,-976,-222;
21,-254,-70,-137,-191,-118,43,-973,-221;
18,-252,-70,-132,-199,-115,40,-972,-215;
19,-249,-70,-126,-206,-112,39,-964,-214;
17,-248,-75,-120,-220,-109,39,-965,-211;
16,-249,-69,-112,-232,-107,40,-961,-211;
16,-248,-71,-105,-245,-109,36,-956,-213;
18,-249,-70,-95,-257,-109,42,-957,-212;
18,-249,-72,-83,-268,-106,39,-958,-216;
16,-247,-68,-74,-278,-105,31,-957,-210;
14,-248,-71,-67,-292,-103,27,-957,-214;
11,-246,-68,-63,-307,-102,15,-951,-205;
9,-245,-71,-62,-326,-98,7,-951,-201;
6,-248,-69,-65,-347,-98,0,-948,-189;
3,-247,-64,-72,-374,-99,-16,-945,-185;
2,-245,-63,-84,-395,-98,-14,-952,-186;
0,-248,-65,-93,-413,-94,-24,-957,-188;
1,-252,-63,-101,-423,-90,-20,-974,-184;
5,-257,-62,-105,-431,-83,-16,-986,-187;
3,-256,-62,-99,-439,-77,-13,-980,-183;
4,-255,-63,-81,-442,-68,-4,-974,-195;
9,-251,-68,-58,-447,-63,8,-971,-199;
14,-249,-73,-36,-452,-58,30,-957,-220;
16,-243,-76,-20,-452,-59,37,-947,-229;
19,-238,-78,-16,-453,-52,51,-939,-250;
28,-242,-82,-20,-454,-50,71,-930,-249;
28,-239,-82,-35,-453,-53,82,-928,-257;
30,-240,-83,-52,-450,-58,92,-935,-260;
33,-241,-82,-70,-445,-60,98,-940,-256;
34,-242,-80,-88,-441,-66,100,-944,-252;
38,-243,-78,-105,-437,-71,114,-950,-257;
39,-247,-77,-119,-432,-81,116,-957,-253;
40,-250,-78,-132,-428,-87,118,-959,-246;
36,-251,-75,-139,-421,-97,114,-964,-236;
35,-247,-75,-137,-417,-101,112,-959,-242;
37,-248,-75,-135,-412,-106,108,-956,-237;
36,-247,-77,-132,-403,-106,101,-952,-237;
32,-246,-75,-130,-390,-104,94,-955,-245;
29,-249,-76,-127,-374,-93,83,-951,-242;
29,-250,-78,-125,-359,-88,70,-955,-244;
23,-248,-79,-121,-345,-80,65,-952,-242;
20,-247,-76,-111,-332,-74,53,-957,-242;
17,-242,-75,-101,-322,-65,38,-936,-242;
13,-240,-80,-88,-312,-55,22,-930,-239;
12,-236,-76,-76,-304,-43,20,-923,-241;
8,-238,-77,-69,-297,-34,11,-922,-247;
11,-240,-82,-62,-286,-19,5,-924,-248;
7,-239,-83,-58,-277,-11,-10,-925,-253;
2,-239,-78,-56,-269,1,-15,-927,-249;
1,-242,-80,-56,-262,7,-21,-928,-249;
2,-241,-80,-57,-256,14,-27,-935,-246;
3,-242,-80,-61,-249,15,-24,-942,-242;
-1,-242,-80,-66,-243,19,-22,-941,-245;
3,-243,-78,-69,-240,15,-22,-941,-245;
3,-246,-78,-71,-239,17,-17,-944,-248;
6,-248,-82,-75,-238,12,-14,-951,-252;
5,-246,-79,-76,-238,10,-7,-960,-241;
5,-245,-80,-75,-240,5,-2,-964,-243;
8,-251,-78,-67,-244,3,5,-966,-237;
8,-248,-75,-59,-246,-2,9,-960,-233;
12,-250,-73,-48,-251,-2,11,-964,-227;
10,-249,-72,-37,-257,-5,14,-962,-221;
10,-250,-67,-24,-262,-6,14,-957,-219;
12,-246,-70,-9,-269,-11,18,-958,-220;
14,-246,-74,3,-275,-11,17,-948,-218;
12,-244,-76,13,-279,-14,13,-946,-224;
10,-246,-70,19,-284,-14,10,-944,-226;
7,-242,-74,24,-288,-15,3,-945,-225;
7,-247,-74,26,-294,-14,0,-945,-234;
5,-245,-78,27,-299,-15,-7,-946,-236;
5,-246,-77,32,-306,-13,-12,-951,-234;
5,-248,-76,35,-309,-11,-18,-954,-230;
2,-247,-73,40,-311,-9,-21,-958,-219;
-1,-247,-73,48,-314,-7,-26,-967,-226;
2,-249,-68,56,-313,-3,-28,-968,-222;
0,-249,-69,62,-313,-1,-25,-962,-218;
1,-250,-72,69,-312,-1,-27,-969,-223;
-1,-252,-74,72,-310,2,-24,-970,-226;
0,-250,-71,74,-307,2,-28,-968,-223;
-1,-251,-75,76,-307,2,-24,-971,-220;
0,-253,-69,77,-311,3,-20,-976,-215;
2,-257,-75,79,-311,4,-14,-987,-217;
4,-255,-71,81,-310,-1,-18,-980,-212;
3,-254,-71,84,-310,-2,-14,-986,-206;
5,-257,-67,85,-310,-4,-11,-979,-204;
2,-253,-71,89,-308,-5,-12,-977,-208;
6,-251,-75,94,-308,-7,-9,-973,-207;
6,-249,-69,97,-306,-8,-3,-970,-209;
7,-250,-71,99,-303,-10,-9,-964,-213;
2,-247,-74,97,-300,-9,-6,-956,-219;
3,-246,-70,92,-296,-9,-2,-950,-220;
7,-246,-74,86,-291,-8,-3,-950,-222;
6,-242,-74,79,-287,-7,-6,-947,-225;
6,-241,-71,71,-283,-3,-3,-939,-216;
6,-243,-76,63,-277,-2,0,-935,-216;
6,-241,-74,57,-270,3,-4,-944,-216;
6,-242,-73,51,-262,5,-2,-939,-212;
7,-244,-72,45,-258,11,0,-938,-214;
7,-245,-68,37,-253,12,-7,-948,-205;
9,-245,-71,33,-248,16,-2,-949,-201;
8,-247,-66,32,-241,18,0,-950,-199;
10,-242,-67,32,-237,21,1,-955,-198;
7,-247,-68,34,-233,21,-3,-958,-198;
8,-250,-66,39,-231,24,-10,-958,-204;
4,-250,-69,39,-228,23,-9,-960,-199;
2,-249,-66,39,-227,25,-15,-967,-198;
2,-252,-67,38,-225,22,-18,-961,-199;
2,-254,-66,41,-223,21,-21,-968,-201;
3,-251,-73,42,-221,15,-25,-981,-206;
1,-252,-70,43,-220,15,-26,-976,-208;
-2,-254,-69,41,-219,9,-35,-979,-215;
-2,-252,-76,39,-219,8,-34,-977,-219;
0,-254,-70,32,-215,2,-37,-976,-218;
-6,-250,-72,24,-212,2,-46,-977,-218;
-7,-254,-70,19,-211,-4,-49,-976,-213;
-6,-257,-67,16,-209,-2,-49,-994,-213;
-6,-258,-69,13,-207,-5,-46,-994,-204;
-3,-260,-67,15,-204,-4,-47,-1000,-203;
-5,-258,-65,15,-200,-11,-45,-1002,-192;
-4,-259,-66,22,-198,-11,-43,-997,-198;
-2,-254,-65,33,-197,-14,-37,-980,-196;
0,-251,-66,42,-195,-12,-29,-971,-201;
2,-250,-70,50,-193,-16,-27,-968,-201;
0,-248,-68,52,-192,-15,-26,-960,-202;
2,-247,-66,55,-192,-17,-22,-955,-201;
2,-246,-67,59,-192,-13,-15,-952,-198;
4,-246,-66,61,-191,-14,-16,-947,-196;
1,-247,-65,63,-190,-12,-13,-945,-194;
1,-241,-69,62,-190,-13,-16,-947,-196;
3,-243,-68,58,-194,-12,-10,-943,-198;
3,-246,-63,51,-196,-13,-10,-939,-188;
1,-244,-61,47,-201,-13,-14,-948,-188;
3,-248,-59,44,-205,-15,-15,-945,-183;
2,-244,-62,41,-206,-14,-19,-948,-178;
6,-246,-65,42,-210,-16,-12,-949,-175;
3,-250,-64,43,-211,-16,-21,-961,-175;
2,-249,-63,46,-212,-18,-19,-964,-187;
3,-252,-66,47,-210,-16,-24,-966,-190;
1,-252,-70,48,-209,-18,-20,-970,-187;
-1,-251,-65,53,-206,-19,-21,-967,-193;
2,-253,-64,58,-205,-19,-23,-973,-191;
1,-251,-67,61,-202,-18,-18,-976,-196;
1,-251,-67,65,-200,-20,-17,-974,-197;
4,-252,-69,69,-197,-19,-11,-975,-192;
4,-254,-65,71,-192,-19,-12,-974,-194;
6,-253,-64,72,-187,-18,-8,-975,-191;
6,-252,-67,73,-183,-17,-9,-970,-190;
3,-252,-63,71,-180,-15,-13,-967,-192;
4,-251,-68,72,-178,-14,-12,-964,-192;
6,-250,-67,72,-176,-14,-1,-967,-187;
6,-250,-65,73,-177,-13,-3,-965,-183;
7,-251,-66,78,-175,-9,3,-969,-186;
11,-251,-67,87,-175,-8,4,-971,-184;
8,-249,-62,96,-174,-7,5,-967,-180;
11,-256,-62,102,-172,-5,7,-966,-176;
10,-248,-61,111,-171,-4,11,-967,-174;
12,-251,-62,118,-170,-1,10,-969,-182;
11,-251,-65,124,-169,-2,8,-968,-185;
8,-250,-60,125,-169,-1,9,-961,-178;
12,-249,-58,125,-169,-3,9,-968,-183;
11,-252,-63,123,-171,-3,6,-971,-188;
6,-248,-62,121,-173,-5,0,-969,-182;
6,-254,-63,122,-178,-5,0,-973,-185;
7,-255,-60,124,-181,-9,-3,-975,-183;
6,-254,-61,127,-180,-7,-2,-984,-183;
5,-257,-61,131,-180,-10,-6,-991,-178;
4,-258,-60,138,-179,-9,-11,-989,-178;
3,-255,-61,145,-182,-13,-17,-981,-178;
2,-257,-61,149,-184,-11,-20,-989,-170;
2,-253,-64,156,-189,-16,-23,-993,-170;
-2,-255,-61,155,-197,-18,-24,-981,-172;
8,-255,-64,157,-204,-24,-10,-988,-168;
-3,-254,-63,158,-211,-29,-37,-992,-177;
0,-255,-66,154,-215,-29,-26,-998,-182;
-1,-256,-65,153,-220,-26,-23,-995,-182;
1,-256,-68,154,-226,-31,-26,-996,-187;
-2,-254,-65,153,-230,-30,-27,-983,-190;
0,-258,-67,154,-234,-33,-22,-987,-188;
-2,-253,-65,155,-237,-33,-23,-980,-187;
3,-252,-65,156,-240,-40,-27,-975,-191;
-4,-254,-66,157,-241,-40,-36,-972,-178;
1,-252,-61,156,-242,-38,-26,-977,-178;
0,-251,-63,157,-245,-35,-25,-972,-180;
3,-255,-62,157,-245,-38,-22,-969,-170;
2,-249,-63,159,-247,-33,-22,-963,-172;
6,-252,-63,160,-249,-36,18,-964,-171;
-1,-251,-65,160,-248,-41,-42,-955,-177;
1,-251,-62,156,-249,-36,-23,-958,-187;
0,-249,-68,150,-253,-32,-23,-961,-189;
1,-250,-65,144,-255,-34,-26,-955,-185;
-1,-250,-64,138,-257,-31,-31,-957,-185;
1,-249,-64,132,-260,-37,-13,-960,-182;
-7,-249,-65,131,-261,-38,-52,-957,-186;
-7,-251,-65,130,-268,-35,-44,-967,-184;
-6,-251,-64,132,-276,-31,-41,-967,-179;
-6,-250,-65,135,-279,-33,-45,-966,-177;
-5,-251,-63,135,-280,-31,-48,-964,-183;
-1,-250,-64,135,-282,-33,-42,-958,-178;
-11,-245,-59,134,-285,-42,-72,-950,-185;
-7,-247,-60,130,-282,-35,-65,-954,-171;
-9,-250,-60,125,-285,-29,-57,-950,-178;
-9,-243,-85,118,-287,-28,-56,-948,-177;
-2,-242,-42,113,-289,-25,-59,-941,-176;
-10,-240,-70,106,-290,-23,-61,-941,-180;
-7,-245,-66,96,-293,-19,-68,-935,-178;
-11,-236,-64,85,-301,-28,-95,-928,-185;
-9,-243,-59,72,-308,-22,-84,-939,-170;
-13,-244,-63,56,-319,-18,-83,-943,-170;
-16,-241,-63,43,-326,-16,-85,-949,-169;
-10,-229,-61,34,-334,-18,-99,-947,-168;
-16,-248,-56,27,-340,-17,-100,-950,-167;
-17,-248,-59,24,-345,-18,-107,-947,-167;
-18,-247,-58,15,-352,-17,-106,-946,-165;
-19,-245,-58,4,-358,-20,-111,-953,-157;
-21,-247,-57,-5,-363,-20,-116,-955,-162;
-26,-247,-59,-13,-369,-19,-124,-957,-162;
-27,-246,-61,-18,-374,-17,-135,-953,-159;
-30,-248,-59,-22,-384,-15,-142,-951,-161;
-28,-250,-60,-27,-394,-11,-141,-950,-157;
-30,-246,-62,-33,-401,-7,-150,-956,-162;
-33,-244,-58,-41,-404,-2,-145,-953,-164;
-28,-248,-58,-50,-406,3,-150,-953,-156;
-28,-251,-57,-57,-408,7,-144,-957,-157;
-31,-253,-56,-62,-409,11,-145,-964,-153;
-30,-252,-54,-63,-408,13,-153,-968,-154;
-36,-256,-58,-59,-406,18,-157,-975,-145;
-34,-253,-55,-58,-403,18,-156,-970,-144;
-32,-252,-51,-53,-399,22,-162,-980,-140;
-33,-255,-53,-47,-398,22,-157,-987,-131;
-31,-257,-50,-39,-393,25,-158,-982,-120;
-29,-258,-43,-26,-386,26,-153,-997,-115;
-29,-258,-43,-14,-377,29,-147,-1000,-102;
-24,-258,-45,4,-367,29,-132,-1006,-104;
-26,-258,-48,24,-354,32,-128,-1006,-102;
-20,-260,-40,41,-334,32,-115,-1008, -97;
-18,-260,-41,56,-315,34,-110,-1009, -90;
-15,-257,-36,67,-296,31,-98,-1004, -83;
-12,-259,-35,76,-280,33,-92,-1005, -77;
-10,-261,-40,83,-261,29,-72,-1009, -65;
-10,-258,-34,88,-238,25,-69,-1001, -55;
-11,-259,-32,94,-219,20,-71,-1009, -55;
-12,-256,-38,98,-204,18,-72,-1003, -44;
-9,-257,-33,103,-189,12,-69,-1006, -46;
-12,-258,-33,108,-175,11,-70,-1007, -42;
-10,-259,-30,115,-158,6,-74,-1004, -44;
-8,-260,-30,118,-140,6,-69,-1002, -48;
-7,-260,-31,119,-119,2,-60,-1002, -46;
-8,-259,-32,118,-97,3,-61,-1001, -45;
-8,-260,-32,119,-72,1,-69,-1001, -50;
-10,-257,-37,115,-48,5,-77,-1004, -49;
-11,-257,-34,110,-30,6,-75,-1000, -48;
-12,-258,-31,104,-20,10,-90,-999, -48;
-16,-257,-32,96,-14,10,-95,-983, -52;
-15,-257,-34,87,-7,16,-102,-987, -59;
-20,-255,-28,77,-3,19,-106,-987, -58;
-19,-255,-31,67,1,23,-113,-982, -52;
-20,-252,-34,59,2,22,-124,-975, -59;
-25,-253,-37,49,5,23,-128,-965, -48;
-26,-254,-33,40,8,21,-138,-966, -56;
-29,-250,-33,29,12,24,-147,-964, -57;
-30,-250,-33,21,17,21,-165,-959, -62;
-38,-249,-30,18,21,25,-170,-960, -62;
-36,-251,-33,13,24,24,-169,-959, -63;
-37,-249,-36,9,28,28,-179,-962, -68;
-39,-248,-35,3,29,29,-183,-959, -68;
-42,-248,-34,-6,29,34,-185,-961, -63;
-40,-247,-34,-15,30,36,-189,-954, -66;
-43,-246,-36,-29,29,39,-192,-946, -66;
-40,-245,-39,-44,28,38,-187,-948, -65;
-38,-245,-33,-60,24,39,-181,-943, -68;
-37,-245,-36,-71,25,36,-178,-947, -70;
-35,-246,-35,-80,29,35,-173,-945, -72;
-35,-249,-38,-87,33,28,-167,-948, -76;
-34,-248,-37,-92,37,24,-167,-947, -74;
-37,-246,-39,-94,41,16,-166,-943, -69;
-36,-247,-36,-93,42,10,-170,-947, -74;
-35,-248,-39,-91,42,1,-167,-948, -77;
-37,-247,-38,-88,42,-8,-171,-949, -75;
-35,-248,-40,-85,40,-21,-169,-950, -79;
-35,-248,-36,-79,37,-29,-163,-953, -72;
-35,-247,-35,-71,33,-39,-168,-953, -80;
-36,-249,-40,-64,32,-51,-167,-945, -76;
-36,-248,-40,-57,31,-64,-171,-952, -81;
-37,-251,-43,-49,32,-76,-171,-955, -85;
-35,-250,-41,-42,38,-87,-171,-956, -89;
-36,-249,-42,-32,45,-98,-174,-958, -88;
-34,-251,-39,-24,53,-104,-178,-961, -93;
-35,-254,-43,-12,62,-112,-169,-964, -93;
-34,-253,-48,-1,70,-118,-166,-962,-107;
-33,-249,-44,14,74,-125,-161,-962,-108;
-32,-246,-45,21,78,-132,-155,-957,-114;
-27,-248,-46,24,81,-139,-146,-955,-118;
-25,-250,-47,24,81,-144,-137,-952,-109;
-26,-248,-49,19,79,-153,-138,-947,-113;
-25,-247,-46,10,77,-158,-131,-951,-109;
-23,-246,-46,4,75,-166,-127,-944,-110;
-21,-245,-47,-1,75,-169,-123,-946,-104;
-23,-247,-46,-3,77,-177,-121,-943,-114;
-23,-244,-45,-5,79,-181,-120,-936,-115;
-21,-244,-48,-8,77,-187,-113,-942,-116;
-19,-243,-52,-6,74,-191,-111,-939,-122;
-15,-243,-53,-5,69,-195,-103,-944,-135;
-17,-245,-52,-6,66,-196,-102,-943,-144;
-13,-248,-52,-7,67,-202,-106,-945,-147;
-20,-247,-54,-9,69,-205,-108,-953,-141;
-22,-249,-54,-11,73,-212,-112,-960,-136;
-21,-253,-52,-13,75,-214,-113,-973,-137;
-19,-256,-52,-13,76,-219,-110,-992,-135;
-18,-258,-52,-10,79,-220,-108,-987,-137;
-15,-256,-50,-6,82,-224,-104,-998,-128;
-17,-257,-48,-1,85,-225,-103,-989,-129;
-15,-258,-54,6,84,-229,-100,-987,-132;
-13,-255,-50,12,84,-228,-91,-976,-133;
-12,-256,-53,20,83,-228,-88,-978,-131;
-11,-253,-52,28,85,-221,-77,-983,-132;
-11,-255,-56,35,87,-218,-72,-978,-140;
-8,-257,-52,43,88,-207,-62,-1000,-139;
-8,-257,-56,50,89,-203,-56,-1001,-139;
-6,-258,-54,58,86,-194,-48,-1007,-135;
-3,-259,-50,63,82,-188,-41,-1009,-142;
-4,-254,-54,67,82,-179,-36,-1000,-138;
2,-254,-54,69,79,-175,-28,-995,-137;
5,-256,-56,69,81,-167,-16,-991,-140;
6,-256,-52,65,82,-164,-11,-975,-134;
3,-253,-50,62,87,-155,-10,-975,-130;
6,-253,-51,65,92,-150,-5,-977,-124;
8,-251,-50,70,98,-140,0,-972,-122;
9,-254,-50,77,103,-131,-2,-978,-125;
8,-251,-51,82,109,-116,-3,-971,-140;
6,-252,-56,81,118,-104,-4,-965,-154;
6,-251,-58,74,125,-87,-1,-961,-160;
6,-247,-61,61,130,-73,-1,-964,-164;
9,-249,-59,47,134,-58,0,-958,-168;
8,-247,-58,31,135,-49,3,-955,-161;
13,-245,-57,18,138,-37,8,-955,-159;
8,-248,-57,11,140,-30,11,-948,-150;
9,-241,-52,3,146,-21,7,-931,-135;
7,-240,-54,1,155,-15,7,-934,-142;
11,-239,-53,-4,168,-10,17,-929,-140;
8,-237,-53,-11,179,-10,13,-918,-141;
9,-236,-53,-20,190,-6,8,-905,-133;
11,-234,-51,-23,199,-5,14,-902,-131;
13,-231,-51,-27,207,-4,15,-898,-131;
11,-230,-48,-34,212,-8,13,-892,-118;
10,-228,-47,-38,217,-7,18,-892,-112;
11,-231,-43,-42,220,-6,14,-896, -98;
12,-232,-48,-40,218,0,24,-906,-103;
16,-236,-45,-39,220,4,27,-910,-102;
14,-239,-40,-38,222,5,26,-925,-100;
16,-244,-45,-40,222,1,21,-940,-106;
15,-250,-50,-48,219,0,24,-970,-111;
10,-259,-50,-64,218,-9,20,-1004,-114;
11,-261,-52,-79,213,-12,10,-1012,-115;
11,-267,-44,-91,204,-12,10,-1040,-116;
10,-272,-44,-99,195,-17,9,-1060,-109;
15,-279,-42,-104,184,-17,15,-1071,-105;
14,-279,-45,-98,178,-18,22,-1086,-103;
18,-282,-41,-91,176,-20,36,-1098, -93;
20,-285,-41,-77,176,-22,49,-1105, -93;
23,-285,-39,-65,173,-25,52,-1101, -87;
23,-281,-38,-53,171,-32,60,-1097, -91;
22,-275,-42,-45,166,-40,62,-1082, -84;
24,-272,-38,-40,154,-49,70,-1076, -91;
29,-269,-40,-35,138,-58,70,-1052, -74;
28,-268,-42,-26,122,-69,75,-1042, -88;
26,-263,-42,-27,109,-77,79,-1029, -87;
27,-257,-39,-36,98,-85,77,-1016, -85;
26,-260,-45,-47,83,-94,83,-1012, -90;
26,-259,-43,-68,72,-104,74,-1010, -87;
28,-261,-38,-91,62,-113,69,-1006, -69;
25,-258,-36,-105,48,-125,70,-1003, -64;
26,-258,-35,-110,34,-134,58,-999, -65;
25,-257,-37,-110,21,-145,58,-1000, -67;
23,-257,-38,-111,10,-152,52,-1000, -80;
18,-257,-44,-111,4,-161,51,-1005, -82;
21,-254,-38,-110,-1,-166,53,-996, -78;
20,-256,-45,-106,-4,-173,48,-998, -92;
23,-257,-41,-105,-7,-179,55,-999, -85;
23,-258,-38,-97,-12,-186,61,-995, -75;
26,-256,-36,-88,-13,-187,68,-996, -72;
27,-256,-32,-79,-11,-194,71,-999, -72;
27,-257,-33,-72,-8,-198,76,-1001, -56;
28,-259,-29,-54,-7,-205,79,-1002, -47;
26,-255,-27,-28,-8,-205,82,-1001, -32;
28,-258,-27,1,-11,-209,79,-999, -33;
30,-256,-27,25,-14,-207,79,-979, -34;
29,-250,-28,47,-19,-208,76,-970, -36;
27,-249,-29,65,-23,-198,77,-965, -43;
22,-249,-28,83,-26,-192,66,-954, -43;
23,-242,-31,90,-31,-178,70,-941, -44;
24,-243,-35,91,-38,-169,68,-937, -54;
24,-237,-40,87,-43,-154,60,-920, -70;
19,-236,-35,78,-47,-143,55,-910, -73;
18,-231,-36,68,-52,-125,43,-906, -74;
18,-234,-41,56,-59,-110,41,-899, -82;
15,-233,-36,40,-63,-90,31,-897, -77;
15,-233,-39,23,-69,-76,24,-895, -80;
12,-230,-37,2,-71,-54,18,-896, -74;
13,-230,-39,-18,-75,-42,13,-893, -71;
11,-234,-36,-26,-78,-25,17,-898, -68;
11,-233,-36,-28,-84,-12,16,-900, -77;
11,-233,-42,-29,-85,1,13,-901, -76;
12,-235,-41,-30,-85,12,20,-899, -83;
9,-231,-46,-33,-83,25,19,-907, -95;
13,-236,-42,-38,-81,35,20,-912, -97;
15,-238,-47,-41,-79,51,24,-922,-106;
16,-244,-50,-45,-74,62,37,-935,-108;
22,-252,-50,-52,-67,78,45,-954,-126;
26,-253,-55,-56,-57,88,57,-974,-134;
23,-255,-52,-54,-47,98,63,-996,-142;
23,-259,-57,-49,-37,98,59,-1003,-159;
22,-258,-56,-50,-34,98,56,-1015,-157;
23,-261,-55,-58,-39,96,55,-1030,-153;
25,-265,-51,-67,-49,97,65,-1042,-134;
28,-270,-53,-73,-59,91,68,-1047,-136;
24,-273,-49,-75,-60,81,75,-1066,-128;
24,-272,-51,-81,-57,74,42,-1067,-121;
26,-279,-49,-82,-53,72,72,-1080,-107;
23,-277,-47,-78,-49,58,55,-1081,-106;
19,-275,-42,-73,-42,51,31,-1075,-101;
20,-279,-44,-62,-38,45,42,-1073,-104;
17,-273,-47,-50,-34,32,28,-1071,-104;
13,-268,-47,-35,-29,24,16,-1051,-109;
9,-270,-50,-21,-26,15,3,-1046,-108;
3,-264,-52,-9,-23,10,-6,-1025,-108;
-1,-260,-48,4,-20,7,-18,-1011,-117;
5,-257,-48,18,-20,8,-1,-1000,-121;
6,-255,-51,26,-15,2,-14,-972,-128;
3,-253,-49,25,-7,1,-8,-974,-128;
8,-253,-51,21,2,2,-6,-968,-128;
4,-251,-50,13,12,3,-14,-966,-125;
6,-251,-47,7,21,2,-12,-961,-115;
9,-249,-46,4,28,6,-7,-952,-101;
10,-245,-42,7,29,7,3,-946, -93;
8,-244,-41,9,32,8,12,-944, -88;
10,-247,-41,11,31,4,15,-949, -83;
14,-249,-39,12,26,-4,23,-957, -79;
12,-247,-41,11,23,-12,31,-956, -82;
17,-248,-42,11,20,-19,36,-961, -81;
18,-250,-47,12,15,-28,35,-965, -89;
20,-252,-42,8,11,-33,38,-967, -98;
15,-248,-45,4,7,-40,37,-971,-103;
18,-251,-50,-2,6,-43,41,-972,-116;
17,-251,-51,-12,3,-49,35,-972,-121;
19,-255,-51,-22,1,-50,35,-970,-130;
17,-252,-50,-28,1,-54,35,-975,-135;
15,-252,-55,-34,1,-52,39,-967,-134;
16,-251,-53,-38,0,-52,31,-967,-128;
15,-248,-48,-40,1,-46,30,-971,-133;
12,-247,-51,-43,1,-47,28,-961,-126;
15,-249,-51,-48,0,-41,30,-965,-126;
12,-248,-47,-52,-2,-41,21,-961,-125;
13,-252,-50,-57,-3,-36,20,-968,-120;
10,-251,-51,-61,-8,-34,12,-971,-110;
12,-256,-50,-62,-13,-30,10,-973,-117;
8,-253,-44,-63,-19,-31,9,-986,-110;
13,-255,-46,-62,-25,-27,10,-993,-106;
11,-257,-45,-57,-28,-27,16,-999,-103;
13,-259,-46,-50,-29,-24,19,-1007,-104;
12,-261,-47,-38,-31,-26,21,-1011,-103;
11,-260,-51,-27,-30,-20,19,-1010,-106;
15,-261,-49,-11,-29,-22,23,-1003,-116;
13,-258,-47,3,-27,-18,24,-1006,-116;
15,-258,-51,13,-25,-19,27,-999,-119;
14,-255,-49,21,-22,-14,26,-999,-115;
15,-255,-48,28,-17,-13,29,-989,-116;
16,-256,-55,31,-15,-7,26,-979,-119;
14,-252,-47,35,-9,-7,24,-973,-117;
12,-251,-49,34,-7,-4,23,-972,-121;
14,-249,-45,33,-4,-5,21,-965,-116;
15,-250,-48,30,0,-1,22,-962,-120;
16,-250,-50,26,2,-5,20,-962,-110;
13,-246,-50,23,6,-2,21,-961,-117;
13,-248,-49,22,12,-5,20,-962,-117;
14,-246,-47,16,18,-5,21,-959,-121;
14,-247,-47,9,23,-6,18,-957,-118;
14,-249,-48,3,30,-7,21,-956,-119;
16,-247,-49,-7,34,-12,21,-960,-118;
12,-248,-48,-14,38,-12,21,-963,-112;
14,-248,-48,-19,43,-13,24,-958,-115;
16,-253,-47,-21,48,-11,23,-957,-107;
17,-249,-49,-22,51,-14,29,-958,-116;
13,-247,-51,-22,53,-12,25,-962,-121;
17,-251,-47,-24,57,-13,26,-964,-121;
15,-248,-50,-23,61,-11,25,-960,-121;
15,-247,-48,-24,64,-9,24,-963,-117;
15,-251,-50,-24,67,-6,25,-967,-119;
14,-249,-48,-23,70,-6,27,-967,-118;
17,-251,-52,-22,72,-3,25,-967,-120;
14,-251,-52,-21,76,-3,26,-973,-117;
17,-254,-48,-23,79,-1,26,-978,-117;
16,-256,-49,-23,79,1,20,-979,-117;
12,-253,-46,-23,80,3,19,-987,-119;
14,-259,-48,-23,81,5,21,-991,-112;
13,-257,-48,-21,83,7,18,-993,-120;
16,-257,-48,-20,83,11,22,-999,-119;
12,-257,-54,-18,83,12,24,-1001,-118;
15,-255,-46,-14,83,15,18,-996,-119;
12,-256,-50,-10,83,17,21,-999,-117;
12,-257,-49,-9,82,19,17,-999,-121;
14,-257,-47,-8,80,18,17,-999,-118;
15,-257,-49,-7,79,20,18,-999,-115;
12,-258,-45,-8,79,18,21,-990,-119;
10,-255,-49,-6,80,20,11,-989,-113;
9,-255,-50,-4,80,20,11,-992,-117;
12,-254,-44,-3,81,21,10,-988,-105;
14,-253,-48,0,83,19,11,-986,-116;
9,-255,-44,4,84,20,12,-982,-108;
12,-253,-44,11,86,20,10,-981,-103;
12,-255,-46,16,88,20,13,-979,-105;
10,-254,-47,21,91,19,12,-973,-109;
11,-252,-46,23,94,22,11,-970,-111;
12,-249,-44,24,97,19,14,-968,-105;
12,-251,-49,24,101,21,18,-969,-116;
11,-251,-48,23,105,17,22,-968,-111;
12,-250,-45,19,110,17,22,-968,-107;
12,-253,-47,13,115,12,17,-973,-114;
17,-253,-51,8,118,13,21,-970,-114;
12,-249,-47,4,121,8,19,-976,-110;
13,-253,-47,2,123,9,20,-973,-114;
15,-253,-44,2,126,4,18,-977,-115;
11,-253,-48,-2,127,5,20,-981,-116;
12,-253,-49,-7,128,0,21,-974,-117;
12,-254,-48,-11,129,1,18,-981,-117;
11,-252,-54,-15,132,-3,21,-983,-114;
12,-255,-48,-18,131,-2,22,-978,-111;
13,-255,-50,-22,132,-6,18,-978,-113;
15,-256,-45,-24,130,-5,12,-975,-119;
12,-250,-47,-26,130,-10,18,-979,-115;
14,-253,-53,-27,130,-8,15,-977,-115;
13,-253,-52,-28,130,-11,18,-976,-123;
11,-255,-48,-26,132,-10,19,-971,-122;
11,-254,-48,-27,133,-12,13,-975,-123;
10,-251,-47,-27,134,-9,16,-972,-122;
14,-252,-50,-28,137,-10,15,-974,-117;
9,-254,-47,-29,138,-6,16,-973,-120;
12,-255,-50,-29,138,-9,14,-975,-122;
10,-255,-48,-29,137,-3,7,-973,-115;
9,-253,-49,-29,136,-5,11,-975,-114;
10,-249,-49,-27,137,-2,11,-973,-114;
11,-252,-47,-27,131,-3,10,-969,-110;
10,-251,-47,-26,129,0,8,-973,-120;
12,-251,-49,-27,127,-1,8,-970,-107;
9,-251,-50,-29,125,1,9,-971,-111;
7,-252,-44,-29,122,-1,5,-969,-116;
11,-253,-46,-30,121,1,6,-968,-115;
9,-253,-51,-28,118,1,9,-972,-111;
7,-252,-48,-27,117,2,10,-972,-117;
9,-254,-47,-27,118,1,10,-972,-116;
7,-252,-47,-27,118,4,9,-973,-118;
9,-252,-48,-26,119,3,10,-970,-119;
12,-253,-49,-25,119,3,7,-972,-116;
8,-253,-49,-27,120,3,8,-974,-121;
11,-253,-46,-27,123,4,10,-974,-119;
9,-254,-46,-26,123,5,7,-975,-117;
11,-254,-47,-28,123,4,8,-971,-116;
8,-251,-48,-28,121,3,5,-972,-116;
8,-250,-46,-27,117,2,4,-973,-116;
6,-252,-48,-28,116,2,1,-974,-116;
7,-253,-50,-26,116,1,8,-979,-116;
9,-253,-48,-24,113,1,5,-976,-120;
10,-252,-49,-24,113,1,9,-972,-117;
8,-251,-49,-24,113,2,8,-976,-120;
9,-253,-53,-24,115,2,9,-972,-117;
10,-252,-48,-25,114,4,10,-974,-125;
10,-253,-52,-28,113,2,10,-973,-122;
11,-255,-49,-29,113,1,10,-973,-122;
9,-254,-50,-32,113,0,14,-972,-123;
12,-252,-51,-33,114,0,11,-971,-123;
10,-253,-49,-33,115,-1,5,-976,-124;
9,-253,-46,-37,115,0,8,-972,-119;
10,-252,-48,-35,115,-1,6,-975,-120;
12,-253,-47,-33,115,2,6,-979,-112;
8,-253,-49,-30,114,-1,10,-977,-119;
9,-251,-49,-25,113,0,8,-984,-118;
9,-253,-48,-20,114,-1,15,-969,-122;
10,-253,-50,-18,112,0,10,-975,-125;
9,-253,-46,-17,109,-1,4,-978,-122;
8,-251,-51,-16,105,1,5,-973,-122;
5,-253,-52,-16,103,0,7,-973,-120;
7,-253,-48,-15,100,1,8,-974,-122;
10,-251,-46,-15,99,-1,10,-975,-124;
9,-253,-48,-15,99,3,5,-973,-120;
6,-253,-50,-17,100,2,9,-971,-118;
10,-253,-48,-17,97,4,4,-974,-117;
8,-253,-48,-19,94,2,9,-970,-117;
4,-251,-51,-19,92,4,3,-967,-112;
9,-254,-50,-19,91,1,4,-971,-118;
10,-248,-49,-18,88,4,5,-968,-116;
11,-249,-48,-16,85,1,9,-969,-118;
7,-249,-46,-17,83,4,7,-967,-120;
5,-249,-50,-17,80,0,9,-965,-124;
10,-254,-48,-18,79,3,8,-968,-128;
9,-251,-50,-19,78,0,9,-970,-122;
12,-253,-51,-19,77,5,8,-973,-127;
9,-252,-48,-20,77,2,11,-972,-123;
9,-252,-50,-22,78,4,9,-972,-126;
10,-253,-51,-24,77,1,8,-973,-126;
8,-251,-51,-25,76,2,8,-972,-120;
10,-253,-53,-28,73,0,7,-979,-119;
8,-251,-45,-29,70,3,3,-977,-123;
8,-255,-51,-29,66,-1,8,-979,-124;
8,-255,-50,-28,63,0,5,-979,-122;
8,-254,-48,-29,60,-2,4,-976,-125;
9,-260,-51,-28,58,-1,3,-993,-127;
8,-256,-49,-25,57,-3,4,-977,-123;
7,-255,-50,-20,55,1,5,-978,-126;
9,-256,-52,-17,54,-2,1,-981,-125;
8,-252,-51,-13,55,0,6,-984,-126;
10,-256,-54,-10,55,0,4,-983,-124;
8,-252,-50,-6,55,2,9,-977,-124;
8,-254,-51,-5,55,2,8,-974,-123;
9,-252,-51,-4,54,4,11,-972,-126;
8,-254,-50,-5,54,2,5,-971,-121;
10,-251,-52,-6,53,3,7,-975,-123;
10,-251,-53,-7,53,3,7,-972,-123;
7,-250,-51,-6,51,4,11,-974,-114;
10,-253,-47,-4,50,2,11,-973,-120;
10,-252,-51,-4,50,3,8,-968,-120;
9,-253,-47,-3,51,3,10,-970,-119;
9,-250,-49,-2,50,4,10,-971,-121;
11,-251,-47,-2,49,4,12,-972,-118;
10,-253,-47,-2,48,2,14,-975,-119;
3,-257,-51,-2,48,2,9,-972,-118;
4,-262,-47,-4,46,3,10,-971,-117;
12,-243,-53,-4,47,1,12,-971,-118;
17,-247,-43,-4,47,2,12,-968,-118;
11,-250,-60,-4,48,0,14,-973,-116;
6,-251,-48,-6,48,0,13,-971,-122;
-1,-252,-52,-8,50,1,11,-968,-118;
16,-246,-59,-9,50,1,5,-967,-119;
3,-250,-53,-11,49,0,8,-971,-120;
9,-241,-39,-12,48,-2,8,-975,-123;
10,-253,-51,-17,44,-2,1,-967,-128;
7,-250,-50,-17,44,-2,2,-969,-128;
6,-251,-47,-20,42,0,1,-969,-124;
6,-250,-48,-22,43,-1,6,-969,-123;
7,-252,-47,-24,43,0,4,-970,-122;
8,-251,-49,-24,43,-2,4,-971,-123;
8,-250,-54,-23,45,1,1,-978,-122;
11,-253,-50,-23,45,1,3,-977,-117;
7,-251,-49,-25,46,2,4,-976,-117;
11,-253,-51,-21,45,2,7,-977,-120;
9,-252,-49,-20,47,2,11,-980,-121;
9,-254,-45,-16,48,2,11,-984,-121;
13,-255,-53,-15,47,3,12,-976,-115;
9,-252,-52,-13,47,1,9,-982,-120;
13,-252,-48,-12,46,2,9,-984,-115;
11,-255,-51,-10,47,-1,12,-980,-123;
12,-253,-50,-11,47,1,11,-982,-120;
11,-254,-52,-10,50,-2,16,-979,-122;
12,-253,-50,-11,53,-1,12,-976,-119;
12,-255,-52,-9,55,-4,20,-978,-116;
10,-254,-49,-9,56,-1,14,-973,-117;
9,-251,-51,-6,57,-4,8,-975,-119;
12,-253,-45,-5,57,0,14,-970,-117;
12,-251,-49,-3,57,-2,11,-972,-123;
11,-252,-51,-4,58,1,11,-974,-125;
12,-251,-51,-4,59,-2,14,-968,-117;
11,-251,-50,-6,59,2,14,-974,-123;
10,-250,-49,-9,61,-1,12,-972,-115;
8,-252,-49,-10,60,2,9,-971,-120;
12,-250,-48,-10,62,-1,15,-974,-119;
9,-250,-48,-10,61,2,9,-976,-119;
11,-255,-49,-11,61,0,7,-972,-121;
12,-254,-47,-10,61,3,13,-975,-119;
11,-254,-49,-12,60,0,9,-974,-115;
8,-252,-48,-12,62,3,13,-981,-121;
11,-254,-49,-12,61,1,10,-978,-117;
11,-256,-49,-12,62,3,11,-974,-112;
10,-251,-47,-12,62,1,8,-969,-116;
11,-255,-46,-12,64,4,5,-970,-117;
11,-252,-51,-12,65,1,10,-976,-119;
11,-251,-50,-12,66,3,12,-979,-121;
6,-252,-50,-12,68,2,6,-973,-114;
10,-253,-51,-11,70,6,13,-975,-116;
10,-254,-51,-10,72,1,5,-974,-119;
9,-254,-48,-9,73,3,6,-975,-117;
10,-254,-48,-10,74,1,14,-976,-116;
10,-252,-46,-10,75,2,13,-980,-116;
10,-254,-49,-10,76,-1,10,-977,-118;
10,-255,-51,-10,77,-1,7,-984,-114;
8,-250,-46,-13,77,-3,7,-975,-115;
11,-253,-45,-13,78,0,8,-971,-105;
10,-255,-49,-11,78,-3,5,-985,-111;
8,-252,-50,-10,80,-1,9,-979,-117;
13,-251,-48,-11,80,-4,8,-976,-118;
9,-252,-51,-9,80,-4,10,-975,-124;
10,-252,-50,-10,81,-5,11,-975,-123;
10,-253,-50,-10,83,-4,8,-973,-123;
8,-249,-48,-12,81,-6,8,-971,-123;
10,-250,-49,-14,81,-6,11,-967,-120;
10,-252,-46,-14,80,-7,11,-973,-118;
8,-255,-50,-14,80,-6,11,-970,-115;
10,-253,-50,-15,79,-7,11,-976,-119;
10,-254,-53,-14,79,-7,8,-972,-121;
6,-251,-50,-13,79,-8,4,-977,-123;
10,-255,-46,-12,80,-7,0,-976,-111;
8,-254,-48,-14,79,-6,-1,-975,-116;
9,-254,-48,-13,78,-7,4,-973,-115;
10,-255,-51,-13,78,-7,2,-974,-108;
8,-254,-47,-10,76,-8,6,-971,-116;
9,-255,-47,-8,77,-5,2,-977,-115;
10,-254,-45,-6,76,-4,6,-974,-112;
7,-249,-55,-6,76,-4,4,-969,-118;
11,-251,-50,-7,75,-4,7,-969,-115;
12,-252,-49,-8,75,-3,6,-974,-120;
9,-251,-49,-10,75,-4,5,-972,-123;
8,-252,-52,-13,75,-4,7,-977,-119;
7,-251,-50,-14,75,-5,5,-977,-118;
8,-253,-48,-16,75,-3,6,-969,-120;
9,-254,-51,-16,74,-4,4,-976,-120;
11,-255,-48,-17,74,-3,3,-977,-120;
9,-253,-49,-16,73,-4,5,-972,-123;
9,-255,-49,-15,73,-3,7,-973,-120;
9,-253,-49,-14,73,-5,5,-976,-120;
8,-252,-47,-12,71,-3,7,-978,-122;
10,-252,-49,-11,71,-5,5,-975,-118;
8,-255,-50,-11,71,-3,8,-974,-117;
11,-253,-49,-11,68,-6,6,-977,-121;
8,-253,-49,-11,69,-4,6,-977,-121;
11,-252,-51,-11,69,-8,3,-975,-121;
9,-254,-48,-11,69,-5,5,-973,-119;
9,-252,-49,-12,70,-6,2,-978,-119;
11,-256,-47,-12,71,-3,5,-974,-120;
11,-253,-49,-10,70,-5,10,-975,-120;
8,-255,-49,-9,70,-3,11,-975,-118;
11,-255,-44,-9,73,-5,12,-979,-112;
8,-255,-47,-9,74,-1,13,-982,-117;
9,-255,-47,-9,74,-3,9,-972,-111;
11,-251,-47,-8,74,-1,10,-975,-110;
7,-252,-49,-9,74,-3,9,-975,-115;
11,-254,-49,-7,72,-1,12,-973,-118;
11,-250,-47,-9,70,-4,8,-975,-119;
6,-253,-46,-11,70,-2,11,-971,-117;
9,-253,-48,-11,69,-6,8,-970,-116;
10,-249,-48,-12,69,-4,6,-972,-117;
10,-253,-47,-15,69,-7,8,-976,-120;
13,-253,-47,-17,71,-5,7,-974,-120;
8,-249,-51,-18,72,-7,7,-972,-116;
9,-252,-50,-17,72,-5,9,-976,-117;
9,-252,-50,-16,72,-6,10,-978,-121;
8,-250,-52,-16,73,-4,3,-974,-117;
8,-252,-50,-15,73,-7,8,-972,-116;
9,-256,-52,-14,72,-5,7,-975,-121;
7,-256,-52,-13,71,-7,9,-973,-125;
9,-252,-49,-13,70,-6,9,-975,-122;
7,-252,-49,-13,68,-8,6,-974,-122;
7,-254,-50,-13,69,-6,5,-972,-122;
13,-254,-49,-13,69,-8,10,-971,-120;
11,-254,-49,-12,68,-6,6,-976,-116;
11,-255,-46,-12,68,-7,9,-976,-119;
10,-251,-46,-11,69,-4,14,-973,-123;
10,-253,-45,-12,68,-6,11,-978,-119;
10,-253,-54,-14,70,-4,11,-975,-115;
14,-252,-62,-16,69,-7,11,-970,-120;
13,-252,-48,-15,69,-5,14,-967,-118;
11,-251,-47,-16,69,-5,17,-979,-113;
11,-253,-47,-16,68,-4,10,-975,-118;
8,-252,-50,-18,69,-5,10,-971,-120;
9,-249,-50,-19,67,-4,12,-975,-116;
10,-253,-45,-19,66,-6,13,-974,-122;
12,-253,-50,-18,66,-4,10,-975,-115;
13,-252,-47,-18,66,-6,8,-976,-126;
8,-250,-50,-17,67,-3,12,-972,-118;
9,-254,-51,-20,67,-4,11,-975,-128;
12,-254,-52,-19,67,-4,7,-972,-127;
12,-253,-50,-19,67,-3,8,-974,-125;
9,-252,-46,-21,66,-5,4,-973,-119;
11,-253,-48,-19,68,-3,10,-974,-122;
10,-252,-50,-18,67,-4,9,-976,-119;
9,-253,-48,-18,70,-4,10,-973,-120;
11,-254,-49,-17,71,-4,9,-977,-119;
10,-253,-49,-17,73,-5,8,-975,-118;
12,-255,-46,-14,74,-5,9,-975,-114;
11,-255,-47,-14,73,-3,10,-974,-121;
11,-252,-51,-12,73,-5,11,-973,-121;
9,-255,-50,-11,74,-4,9,-983,-122;
12,-252,-50,-11,73,-5,17,-977,-118;
11,-252,-51,-11,73,-2,12,-978,-125;
12,-257,-47,-11,73,-5,14,-974,-122;
9,-254,-48,-12,73,-3,12,-974,-123;
12,-252,-51,-13,72,-4,16,-972,-119;
11,-252,-52,-12,71,-3,14,-974,-121;
12,-253,-49,-13,71,-6,14,-972,-123;
14,-255,-45,-13,70,-5,11,-972,-122;
10,-254,-52,-13,71,-6,13,-974,-123;
10,-250,-49,-13,71,-3,11,-969,-118;
5,-251,-51,-13,74,-5,-42,-967,-135;
17,-254,-46,-14,74,10,30,-974,-122;
9,-251,-51,-13,73,-3,8,-972,-119;
7,-250,-50,-15,73,-2,11,-973,-123;
8,-251,-48,-16,71,-4,10,-972,-129;
12,-251,-50,-16,70,-4,13,-973,-119;
9,-252,-49,-16,70,-6,8,-979,-120;
12,-255,-49,-15,70,-2,8,-975,-119;
11,-254,-45,-13,71,-5,8,-975,-119;
11,-253,-49,-10,72,-1,10,-975,-117;
10,-254,-50,-7,73,-4,11,-972,-127;
9,-248,-53,-6,75,-2,11,-974,-123;
13,-253,-48,-8,75,-4,12,-974,-120;
13,-253,-49,-9,77,-3,11,-971,-122;
14,-254,-48,-10,75,-6,13,-974,-125;
9,-254,-50,-11,77,-5,18,-975,-117;
13,-254,-51,-9,77,-7,10,-975,-120;
11,-254,-50,-8,75,-6,15,-977,-123;
9,-252,-49,-7,74,-10,14,-974,-122;
7,-251,-52,-7,73,-7,9,-975,-120;
9,-252,-50,-8,73,-9,12,-976,-121;
8,-252,-53,-8,74,-6,9,-977,-125;
11,-252,-49,-6,73,-8,9,-973,-115;
12,-254,-49,-6,74,-5,11,-967,-122;
9,-251,-50,-4,76,-7,10,-970,-122;
13,-255,-45,-4,77,-3,9,-975,-119;
12,-253,-43,-4,79,-6,12,-975,-119;
13,-252,-49,-4,79,-3,10,-972,-117;
11,-254,-49,-4,81,-4,10,-975,-118;
11,-252,-54,-4,82,-2,13,-969,-121;
10,-252,-52,-5,82,-4,19,-970,-121;
11,-252,-50,-7,81,-3,15,-967,-121;
11,-252,-51,-9,82,-3,12,-973,-125;
11,-252,-48,-9,82,-1,15,-975,-121;
11,-249,-50,-10,80,-3,12,-972,-120;
6,-251,-48,-9,80,-1,13,-971,-125;
10,-251,-51,-10,79,-1,12,-970,-119;
10,-252,-46,-9,79,0,12,-971,-117;
12,-251,-48,-11,77,-2,12,-972,-120;
10,-253,-50,-11,78,0,5,-972,-122;
9,-250,-47,-9,78,1,10,-970,-118;
12,-253,-48,-9,79,1,11,-974,-119;
9,-252,-47,-11,78,1,10,-969,-115;
9,-252,-48,-14,77,2,7,-974,-116;
9,-253,-45,-14,77,2,10,-973,-116;
9,-251,-52,-15,77,2,8,-971,-120;
8,-253,-53,-15,75,1,8,-969,-118;
10,-253,-47,-17,75,0,6,-975,-127;
7,-251,-48,-16,74,0,5,-975,-122;
9,-251,-50,-17,76,1,4,-976,-116;
9,-256,-47,-17,74,1,11,-974,-121;
9,-255,-52,-17,74,0,11,-976,-124;
10,-255,-49,-16,72,0,10,-980,-123;
9,-254,-48,-17,73,1,15,-979,-116;
11,-256,-50,-16,73,0,10,-976,-114;
10,-253,-50,-14,72,-1,9,-983,-119;
10,-253,-48,-15,70,1,15,-974,-122;
9,-253,-48,-12,69,-1,12,-974,-118;
10,-253,-49,-10,67,0,14,-976,-121;
9,-251,-46,-10,64,-1,10,-972,-121;
11,-253,-48,-10,64,1,12,-969,-122;
10,-252,-48,-11,64,-2,11,-973,-122;
10,-253,-49,-10,64,-1,15,-972,-120;
15,-254,-48,-11,65,-2,13,-973,-119;
10,-253,-50,-11,65,-1,13,-972,-116;
13,-254,-49,-10,64,-3,13,-972,-121;
12,-254,-51,-13,65,-2,13,-971,-122;
12,-254,-49,-13,66,-5,12,-972,-115;
10,-253,-47,-14,64,0,12,-973,-114;
14,-256,-50,-15,65,-3,11,-972,-118;
14,-255,-47,-15,64,-1,10,-971,-117;
11,-253,-49,-17,66,-3,9,-975,-117;
10,-252,-48,-16,65,0,14,-977,-115;
11,-252,-48,-14,65,-2,12,-974,-119;
15,-254,-48,-13,64,0,12,-977,-120;
12,-254,-48,-12,63,-3,13,-971,-121;
10,-252,-49,-12,62,0,14,-971,-123;
10,-254,-52,-12,63,-3,9,-971,-121;
13,-254,-49,-13,63,-1,12,-973,-127;
11,-253,-48,-15,62,-2,14,-970,-122;
12,-254,-52,-15,63,0,8,-973,-119;
8,-251,-50,-16,62,-4,13,-974,-123;
9,-255,-52,-16,62,-1,11,-975,-123;
11,-251,-47,-17,62,-3,12,-974,-113;
9,-252,-50,-18,61,-1,9,-974,-116;
9,-254,-48,-18,60,-3,9,-974,-120;
9,-251,-49,-19,61,-1,9,-974,-126;
13,-249,-52,-21,57,-4,11,-975,-121;
8,-253,-50,-22,58,-2,10,-969,-122;
10,-251,-49,-23,58,-4,11,-974,-117;
9,-254,-50,-21,57,0,12,-973,-122;
8,-253,-44,-21,59,-2,7,-983,-122;
10,-254,-50,-20,59,-2,10,-976,-121;
8,-252,-49,-18,60,-2,10,-979,-117;
11,-255,-48,-17,60,-1,7,-978,-119;
12,-253,-50,-18,60,-2,7,-979,-117;
9,-256,-47,-16,60,1,7,-977,-120;
11,-256,-45,-16,59,-1,10,-980,-118;
12,-256,-47,-13,60,-1,9,-984,-119;
11,-254,-46,-14,61,-3,11,-980,-120;
10,-255,-49,-14,61,-1,11,-979,-123;
12,-253,-47,-13,61,-3,10,-974,-119;
10,-253,-46,-12,61,-2,10,-974,-119;
10,-255,-49,-12,63,-5,9,-975,-120;
10,-251,-53,-13,62,-4,12,-973,-122;
10,-251,-51,-12,62,-3,11,-973,-125;
9,-254,-49,-14,62,-3,9,-975,-120;
8,-253,-50,-14,62,-4,12,-970,-120;
12,-255,-51,-16,60,-4,11,-971,-117;
11,-253,-48,-17,61,-5,11,-973,-122;
6,-253,-53,-19,61,-5,9,-967,-118;
10,-254,-51,-18,60,-4,8,-969,-118;
8,-251,-52,-17,60,-4,6,-973,-118;
7,-255,-48,-17,60,-4,7,-975,-122;
10,-254,-47,-16,60,-4,10,-969,-121;
11,-254,-50,-18,59,-4,7,-972,-122;
11,-252,-51,-18,59,-3,4,-972,-118;
12,-253,-47,-20,61,-3,9,-971,-121;
11,-252,-46,-21,60,-4,7,-972,-117;
10,-254,-48,-22,61,-2,9,-977,-119;
11,-255,-46,-22,63,-3,12,-975,-116;
10,-253,-52,-22,62,-3,11,-974,-120;
11,-253,-48,-20,65,-5,11,-973,-121;
12,-253,-50,-20,64,-5,12,-974,-123;
9,-252,-53,-21,65,-5,14,-975,-127;
11,-254,-49,-23,65,-5,12,-969,-125;
12,-255,-48,-25,65,-7,10,-974,-121;
9,-255,-49,-25,64,-8,11,-976,-121;
8,-252,-45,-24,63,-9,10,-974,-122;
7,-250,-48,-24,61,-8,8,-975,-116;
11,-249,-48,-22,60,-10,9,-971,-117;
10,-253,-48,-23,59,-10,10,-974,-120;
8,-252,-49,-24,59,-11,9,-973,-115;
9,-252,-50,-22,60,-9,11,-974,-121;
8,-253,-50,-22,60,-11,10,-974,-108;
9,-254,-44,-22,60,-8,5,-975,-120;
8,-251,-46,-23,61,-10,9,-973,-115;
9,-251,-52,-21,62,-5,12,-977,-119;
10,-250,-51,-21,63,-9,9,-975,-117;
11,-253,-47,-21,64,-6,14,-971,-115;
10,-253,-45,-22,65,-8,11,-972,-117;
11,-251,-51,-24,66,-6,8,-973,-118;
14,-252,-47,-23,65,-8,12,-971,-119;
11,-253,-50,-24,64,-5,10,-969,-121;
11,-251,-50,-23,63,-7,13,-980,-125;
12,-251,-48,-25,61,-6,9,-976,-124;
10,-251,-50,-25,61,-7,12,-972,-121;
12,-253,-52,-27,58,-5,10,-970,-126;
10,-253,-50,-28,57,-6,9,-976,-123;
9,-252,-46,-29,57,-4,8,-970,-123;
8,-250,-49,-30,56,-5,8,-975,-123;
6,-250,-50,-31,55,-3,6,-975,-121;
8,-255,-51,-32,55,-5,3,-974,-121;
10,-253,-52,-29,53,-3,4,-976,-118;
10,-253,-49,-29,54,-6,8,-976,-119;
12,-255,-50,-27,52,-4,7,-973,-120;
9,-253,-53,-26,52,-6,6,-974,-128;
10,-255,-50,-27,53,-4,6,-973,-126;
9,-251,-53,-25,53,-6,7,-974,-127;
8,-251,-52,-25,53,-4,5,-973,-120;
8,-254,-50,-25,51,-7,7,-973,-130;
8,-254,-51,-26,50,-5,7,-972,-127;
10,-255,-54,-29,50,-7,6,-973,-125;
9,-254,-48,-30,48,-4,4,-978,-124;
8,-250,-49,-31,48,-7,9,-976,-121;
8,-253,-48,-31,48,-6,5,-977,-122;
7,-252,-51,-31,48,-8,7,-981,-119;
9,-252,-48,-30,47,-7,9,-982,-119;
12,-252,-52,-28,49,-6,9,-977,-119;
10,-254,-50,-27,48,-5,13,-983,-126;
9,-253,-50,-25,47,-8,12,-980,-121;
12,-256,-49,-24,47,-7,15,-975,-121;
10,-251,-52,-24,49,-7,12,-972,-123;
11,-252,-48,-23,49,-6,11,-970,-124;
9,-251,-50,-24,49,-9,9,-975,-125;
15,-252,-50,-25,48,-7,14,-967,-125;
14,-252,-48,-25,50,-9,11,-968,-126;
10,-252,-52,-26,51,-9,8,-971,-125;
8,-251,-53,-30,51,-10,12,-967,-124;
8,-251,-50,-33,48,-9,10,-972,-127;
7,-248,-48,-37,49,-12,9,-967,-125;
9,-248,-48,-39,48,-11,3,-970,-129;
11,-253,-51,-41,48,-11,3,-966,-127;
9,-252,-49,-42,47,-10,10,-969,-118;
7,-252,-50,-45,48,-11,8,-970,-122;
9,-250,-53,-46,48,-10,6,-967,-122;
11,-252,-50,-46,48,-9,9,-964,-123;
10,-249,-51,-46,49,-8,10,-970,-125;
11,-254,-51,-45,50,-9,10,-971,-124;
10,-253,-51,-46,51,-8,8,-970,-127;
12,-252,-49,-47,51,-6,13,-970,-122;
12,-251,-48,-46,50,-6,8,-974,-126;
8,-251,-53,-47,51,-4,10,-974,-130;
10,-253,-48,-48,53,-6,14,-983,-126;
13,-254,-52,-49,54,-5,14,-986,-125;
12,-254,-50,-48,54,-7,15,-976,-126;
11,-253,-49,-47,54,-7,14,-976,-121;
11,-251,-54,-46,57,-9,13,-976,-118;
11,-253,-49,-48,59,-8,14,-975,-128;
12,-253,-50,-49,59,-9,12,-974,-127;
11,-254,-49,-50,60,-7,11,-973,-125;
11,-253,-50,-49,61,-8,13,-970,-123;
12,-248,-49,-49,62,-7,7,-972,-118;
12,-254,-49,-48,63,-9,13,-972,-120;
9,-246,-44,-48,63,-7,16,-971,-120;
16,-254,-49,-48,65,-10,16,-969,-119;
12,-248,-48,-51,66,-8,14,-966,-120;
10,-252,-51,-53,66,-10,13,-970,-122;
12,-253,-49,-56,69,-8,14,-970,-128;
9,-249,-50,-59,69,-10,14,-969,-123;
11,-253,-49,-62,70,-8,15,-974,-125;
11,-253,-50,-62,70,-12,10,-969,-126;
9,-254,-52,-63,71,-9,10,-970,-124;
11,-253,-49,-63,72,-11,16,-970,-127;
11,-254,-52,-63,73,-9,13,-970,-127;
9,-252,-51,-65,74,-12,5,-973,-125;
9,-252,-52,-66,72,-9,8,-975,-130;
8,-248,-52,-67,72,-12,9,-975,-131;
9,-252,-52,-68,69,-10,10,-972,-130;
9,-252,-49,-70,65,-13,5,-972,-127;
9,-252,-52,-72,65,-11,7,-969,-127;
7,-250,-52,-73,64,-12,8,-968,-131;
5,-252,-53,-74,63,-10,7,-970,-131;
8,-253,-50,-75,60,-13,-1,-971,-132;
11,-253,-54,-74,59,-10,1,-972,-126;
8,-249,-52,-72,57,-12,5,-970,-128;
8,-253,-55,-71,53,-10,1,-970,-134;
9,-248,-51,-71,50,-9,-1,-967,-134;
5,-251,-51,-69,46,-8,-1,-966,-130;
6,-248,-53,-70,44,-9,2,-973,-135;
5,-254,-52,-70,41,-5,3,-971,-133;
10,-254,-53,-72,36,-8,-1,-970,-135;
8,-254,-53,-73,32,-4,-1,-972,-136;
6,-252,-56,-73,29,-6,-3,-975,-134;
5,-255,-55,-73,26,-3,-3,-976,-136;
9,-255,-57,-70,25,-4,-2,-971,-142;
9,-255,-56,-71,25,-3,-1,-976,-137;
9,-254,-54,-71,25,-4,2,-983,-139;
9,-253,-55,-69,21,-3,7,-995,-137;
8,-256,-54,-67,18,-7,4,-988,-140;
8,-253,-53,-64,15,-7,1,-985,-140;
9,-255,-52,-63,12,-12,0,-985,-141;
7,-249,-55,-62,8,-12,0,-976,-139;
8,-250,-51,-58,3,-16,4,-968,-138;
13,-249,-51,-54,-1,-16,8,-965,-140;
8,-249,-54,-54,-3,-17,4,-963,-140;
8,-248,-55,-57,-6,-15,1,-964,-143;
7,-252,-56,-60,-8,-15,4,-966,-133;
11,-249,-53,-64,-10,-15,1,-963,-136;
11,-235,-53,-68,-11,-17,1,-963,-140;
16,-258,-38,-70,-14,-18,4,-968,-142;
0,-249,-71,-73,-17,-20,3,-965,-138;
17,-247,-51,-74,-18,-20,2,-964,-139;
2,-250,-56,-75,-22,-20,-11,-956,-140;
4,-243,-65,-74,-24,-17,-5,-959,-139;
11,-249,-53,-75,-28,-15,-1,-959,-139;
10,-247,-53,-78,-31,-14,10,-963,-147;
13,-244,-57,-80,-29,-15,10,-974,-145;
10,-253,-43,-86,-25,-14,11,-973,-147;
12,-253,-55,-85,-25,-14,9,-974,-149;
9,-252,-58,-81,-26,-14,17,-971,-144;
10,-253,-54,-78,-26,-14,11,-976,-141;
10,-253,-53,-73,-27,-14,12,-980,-140;
9,-252,-49,-68,-29,-13,17,-981,-145;
9,-252,-54,-66,-28,-13,12,-973,-144;
9,-253,-53,-62,-28,-9,12,-969,-145;
8,-252,-54,-55,-28,-9,4,-980,-141;
11,-252,-56,-49,-30,-6,19,-968,-145;
13,-255,-55,-46,-28,-4,20,-972,-151;
14,-253,-56,-43,-23,-1,26,-974,-151;
15,-253,-58,-37,-15,0,35,-982,-156;
15,-255,-57,-34,-8,4,27,-981,-156;
11,-252,-55,-33,-3,-1,14,-980,-151;
9,-251,-54,-34,-3,-1,16,-973,-142;
12,-249,-48,-32,-10,-4,10,-962,-138;
11,-246,-53,-27,-11,1,16,-959,-140;
14,-250,-57,-25,-9,5,22,-963,-156;
13,-248,-58,-31,-4,8,24,-971,-156;
13,-254,-59,-40,4,7,28,-972,-157;
16,-255,-57,-43,9,7,29,-979,-157;
14,-253,-61,-37,15,5,31,-986,-155;
22,-257,-56,-36,20,5,33,-996,-151;
18,-255,-56,-35,22,0,34,-992,-146;
15,-254,-56,-31,27,2,27,-980,-147;
12,-252,-52,-25,28,-3,22,-969,-142;
15,-249,-53,-23,24,-1,22,-962,-141;
15,-251,-56,-24,18,-3,30,-965,-148;
16,-251,-58,-35,23,-2,34,-961,-163;
16,-250,-61,-43,29,-4,31,-970,-163;
15,-252,-56,-47,35,-3,36,-976,-152;
18,-254,-59,-47,38,-9,38,-978,-152;
17,-254,-54,-47,45,-9,28,-993,-157;
19,-255,-56,-42,51,-12,44,-979,-144;
19,-254,-57,-32,59,-9,41,-975,-145;
16,-249,-50,-25,63,-8,30,-964,-153;
16,-248,-55,-22,67,-2,23,-963,-153;
16,-252,-59,-21,70,-1,24,-964,-157;
15,-247,-57,-26,71,5,28,-963,-149;
15,-250,-55,-27,70,4,22,-959,-152;
15,-252,-55,-28,69,5,25,-964,-148;
19,-252,-56,-29,65,3,37,-958,-149;
16,-253,-57,-32,66,3,34,-977,-149;
12,-254,-56,-35,71,1,20,-977,-151;
15,-253,-55,-36,72,-1,27,-976,-144;
12,-250,-56,-35,69,-5,14,-971,-146;
14,-251,-54,-34,69,-4,16,-971,-150;
14,-253,-55,-35,68,-7,22,-973,-148;
15,-253,-55,-34,71,-4,19,-979,-152;
11,-254,-57,-34,74,-5,27,-977,-162;
17,-257,-56,-28,75,-1,38,-979,-157;
18,-257,-61,-17,81,-2,38,-974,-153;
16,-253,-58,-9,87,0,28,-977,-161;
16,-251,-61,-5,91,-2,23,-973,-160;
11,-254,-55,-8,94,-4,18,-973,-162;
14,-255,-54,-12,93,-5,22,-974,-153;
11,-253,-55,-14,94,-5,19,-977,-154;
9,-255,-56,-10,96,-7,15,-974,-149;
10,-253,-54,-3,97,-6,9,-978,-157;
10,-251,-58,3,98,-6,12,-975,-153;
12,-251,-57,9,94,-7,11,-973,-161;
11,-249,-59,12,97,-7,12,-969,-163;
15,-253,-59,10,104,-7,18,-972,-168;
10,-254,-62,8,107,-8,16,-972,-169;
10,-253,-61,6,107,-10,10,-973,-173;
13,-253,-60,5,109,-12,7,-970,-173;
12,-252,-60,2,114,-14,8,-967,-170;
10,-255,-61,0,116,-14,6,-970,-174;
11,-254,-61,0,116,-13,12,-975,-174;
9,-250,-64,-1,114,-13,3,-977,-172;
11,-252,-62,0,109,-14,11,-975,-170;
10,-251,-62,5,108,-10,9,-972,-179;
12,-253,-62,7,109,-9,11,-979,-180;
10,-253,-61,9,107,-6,5,-971,-185;
9,-252,-63,9,103,-7,5,-967,-177;
5,-249,-61,7,99,-8,5,-965,-178;
10,-249,-65,5,95,-9,1,-971,-174;
9,-251,-63,3,95,-10,2,-965,-182;
9,-248,-59,2,93,-11,4,-967,-179;
11,-248,-60,-1,94,-9,14,-960,-178;
9,-247,-60,-8,95,-9,14,-956,-183;
12,-249,-63,-12,97,-6,15,-960,-172;
12,-246,-61,-17,99,-7,24,-963,-179;
17,-249,-59,-21,102,-1,27,-958,-173;
16,-246,-61,-27,108,1,29,-958,-179;
15,-246,-64,-34,114,8,19,-953,-175;
10,-248,-59,-42,119,14,2,-957,-176;
1,-250,-63,-41,114,12,-6,-964,-179;
3,-252,-64,-31,101,6,-17,-966,-183;
1,-249,-66,-14,77,6,-18,-961,-179;
-7,-253,-63,3,61,-6,-50,-965,-174;
-11,-251,-57,21,50,-12,-66,-968,-162;
-12,-249,-56,41,33,-29,-75,-962,-154;
-10,-252,-54,59,14,-44,-77,-955,-141;
-1,-250,-55,79,-13,-50,-25,-963,-145;
16,-252,-57,101,-33,-45,41,-977,-142;
37,-258,-60,139,-35,-34,113,-1001,-162;
44,-257,-64,189,-5,-10,129,-1003,-172;
40,-259,-62,249,47,6,106,-984,-166;
36,-250,-57,307,92,24,109,-956,-155;
45,-245,-58,347,100,45,124,-948,-159;
62,-244,-54,358,95,78,217,-947,-152;
57,-237,-58,352,96,65,191,-925,-151;
37,-231,-56,325,128,64,111,-907,-151;
15,-229,-50,282,166,68,54,-902,-133;
10,-233,-41,233,181,91,12,-903,-105;
11,-238,-35,181,150,114,15,-925, -65;
12,-244,-32,156,103,128,12,-937, -57;
5,-246,-33,145,68,122,-7,-954, -49;
-1,-249,-36,143,56,118,-31,-961, -58;
1,-255,-38,146,55,120,-29,-980, -67;
-6,-257,-40,154,62,127,-43,-1001, -80;
-7,-258,-42,161,75,124,-63,-991, -95;
-9,-258,-51,161,89,120,-66,-998,-107;
-12,-253,-50,160,97,109,-79,-979,-126;
-12,-253,-54,150,111,102,-82,-966,-135;
-12,-250,-56,134,125,98,-91,-966,-150;
-13,-248,-60,112,136,105,-91,-962,-163;
-11,-248,-60,89,136,115,-73,-964,-162;
-10,-253,-58,68,126,120,-65,-977,-163;
-12,-259,-58,50,109,114,-60,-1004,-166;
-9,-261,-60,35,83,102,-62,-1015,-162;
-3,-265,-57,24,55,86,-40,-1031,-154;
-2,-266,-57,17,30,69,-40,-1040,-155;
-2,-264,-56,7,12,45,-30,-1042,-145;
1,-268,-54,-9,-1,29,-17,-1048,-141;
4,-268,-51,-23,-5,10,-11,-1054,-126;
6,-266,-49,-34,-3,-2,-4,-1050,-124;
7,-269,-51,-44,-1,-16,4,-1044,-121;
12,-267,-46,-49,5,-27,10,-1040,-112;
12,-263,-47,-53,5,-40,14,-1029,-114;
14,-261,-50,-55,7,-50,18,-1017,-110;
11,-260,-45,-54,8,-60,19,-1004,-116;
12,-256,-52,-55,8,-69,18,-992,-120;
12,-254,-47,-56,7,-76,6,-974,-126;
6,-252,-50,-57,5,-84,-8,-972,-127;
8,-250,-51,-60,-3,-90,3,-957,-121;
8,-243,-49,-63,-15,-95,8,-948,-124;
11,-245,-49,-65,-19,-94,10,-948,-123;
11,-243,-49,-67,-16,-94,11,-945,-116;
6,-244,-49,-69,-9,-92,0,-941,-110;
12,-243,-45,-67,-9,-90,15,-936,-102;
9,-241,-44,-64,-7,-86,17,-934,-101;
12,-243,-44,-59,0,-83,16,-926,-100;
13,-243,-43,-55,6,-74,9,-931, -99;
15,-241,-45,-48,10,-71,19,-929, -95;
11,-240,-42,-43,12,-64,22,-930, -98;
13,-242,-47,-42,15,-57,17,-931,-101;
12,-245,-41,-42,15,-49,14,-933,-103;
9,-241,-42,-40,11,-44,11,-931, -98;
10,-241,-42,-33,4,-38,11,-933, -97;
9,-244,-44,-26,-8,-35,10,-939,-105;
13,-245,-53,-22,-17,-28,11,-946,-103;
8,-242,-48,-20,-25,-27,10,-940,-108;
10,-244,-51,-18,-31,-18,2,-946,-112;
9,-246,-48,-18,-36,-12,11,-948,-116;
11,-249,-45,-21,-36,-3,10,-952,-119;
10,-249,-49,-22,-35,2,11,-959,-122;
7,-249,-49,-21,-33,12,7,-968,-124;
8,-253,-48,-19,-30,17,7,-971,-117;
7,-253,-46,-20,-25,24,2,-980,-119;
8,-252,-48,-19,-19,28,0,-996,-118;
8,-257,-47,-15,-15,35,2,-994,-119;
6,-259,-47,-10,-12,37,0,-999,-114;
8,-258,-49,-7,-11,40,0,-1004,-119;
9,-261,-49,-6,-6,37,-7,-1007,-119;
5,-261,-51,-7,-1,39,-7,-1010,-121;
9,-261,-51,-7,2,38,-9,-1011,-122;
6,-261,-50,-6,4,39,-1,-1013,-123;
7,-259,-47,-3,8,34,-1,-1014,-125;
7,-261,-52,-1,12,36,-2,-1015,-122;
10,-260,-52,1,15,31,4,-1016,-126;
7,-259,-50,3,20,27,2,-1009,-125;
11,-260,-53,5,25,22,2,-1011,-120;
9,-259,-50,5,33,20,2,-1004,-128;
9,-257,-48,5,36,12,8,-999,-123;
9,-256,-51,3,40,9,11,-990,-127;
12,-255,-54,2,44,4,10,-987,-124;
10,-253,-50,-1,47,1,6,-983,-125;
9,-254,-52,-4,50,-7,6,-976,-126;
12,-255,-50,-5,51,-13,9,-976,-120;
10,-253,-50,-9,52,-19,7,-976,-126;
9,-254,-52,-12,54,-22,9,-975,-127;
7,-251,-49,-12,57,-29,6,-979,-122;
10,-253,-47,-10,58,-29,6,-968,-122;
9,-253,-51,-9,59,-33,1,-972,-124;
11,-253,-51,-6,59,-33,1,-967,-117;
8,-252,-49,-3,60,-34,5,-966,-125;
5,-248,-48,-2,62,-32,3,-959,-119;
7,-250,-49,-1,62,-32,0,-958,-126;
4,-250,-48,-2,60,-29,1,-961,-128;
7,-249,-48,-4,57,-28,-2,-960,-125;
12,-251,-51,-7,56,-26,3,-959,-126;
3,-245,-48,-9,55,-25,-9,-955,-128;
4,-249,-50,-11,54,-22,-14,-955,-122;
3,-249,-53,-14,50,-21,-7,-955,-121;
8,-253,-51,-15,47,-15,-3,-958,-120;
8,-251,-49,-16,45,-14,-1,-966,-115;
6,-251,-48,-14,44,-11,-1,-969,-120;
5,-254,-48,-10,41,-9,-4,-968,-119;
5,-250,-48,-4,39,-6,-2,-971,-113;
6,-252,-48,1,37,-3,0,-971,-121;
7,-253,-52,6,34,1,3,-969,-117;
8,-251,-50,9,33,0,2,-974,-124;
10,-255,-48,11,33,2,12,-973,-132;
4,-253,-48,8,36,0,-10,-970,-134;
4,-247,-50,1,38,0,-11,-969,-126;
11,-253,-50,-6,33,1,-3,-969,-126;
5,-253,-51,-12,26,-1,3,-970,-122;
6,-252,-48,-17,22,1,7,-976,-121;
6,-254,-51,-17,22,0,5,-980,-123;
12,-257,-44,-15,26,2,1,-980,-121;
12,-254,-52,-11,28,2,7,-974,-120;
8,-251,-54,-8,31,1,6,-970,-123;
11,-254,-49,-9,35,2,9,-970,-129;
10,-253,-50,-11,35,2,8,-972,-124;
9,-255,-53,-16,38,0,3,-970,-127;
9,-251,-51,-18,41,-1,-1,-973,-123;
8,-251,-52,-22,42,-1,-3,-969,-125;
7,-254,-51,-25,40,2,2,-979,-128;
12,-254,-48,-24,41,0,4,-971,-127;
7,-252,-46,-23,42,3,2,-974,-127;
9,-253,-51,-23,44,0,1,-973,-131;
6,-252,-51,-23,44,0,-1,-970,-123;
8,-250,-53,-25,46,-3,1,-966,-127;
8,-249,-52,-27,48,1,4,-965,-128;
10,-249,-52,-30,49,-2,4,-965,-127;
9,-253,-47,-35,51,-1,3,-968,-130;
5,-251,-56,-37,52,-4,3,-973,-123;
10,-253,-49,-38,53,-2,5,-976,-123;
8,-254,-49,-36,55,-5,7,-970,-128;
7,-250,-48,-35,54,-4,7,-974,-123;
9,-253,-53,-34,51,-7,6,-976,-123;
7,-254,-53,-31,50,-6,4,-982,-123;
6,-253,-50,-28,48,-10,4,-979,-122;
9,-256,-52,-25,45,-10,3,-979,-122;
7,-253,-48,-23,41,-13,4,-985,-123;
11,-253,-46,-22,41,-11,3,-981,-126;
8,-254,-52,-20,37,-14,0,-981,-123;
7,-257,-49,-21,35,-13,4,-978,-130;
7,-251,-50,-20,34,-17,2,-984,-125;
8,-252,-50,-21,33,-15,2,-983,-131;
5,-252,-53,-24,35,-16,0,-986,-129;
7,-252,-50,-25,35,-14,2,-973,-127;
5,-253,-49,-28,32,-17,2,-980,-129;
9,-252,-51,-29,33,-13,0,-986,-129;
9,-256,-50,-27,33,-14,0,-974,-121;
5,-253,-52,-26,32,-9,-1,-975,-127;
6,-253,-51,-24,30,-11,-1,-969,-126;
7,-254,-51,-22,26,-8,-2,-970,-122;
5,-253,-48,-22,24,-10,1,-966,-125;
7,-249,-49,-22,18,-7,-2,-964,-123;
6,-252,-48,-26,14,-10,-5,-969,-119;
10,-253,-49,-29,10,-9,-3,-968,-123;
6,-252,-49,-33,8,-14,-2,-971,-121;
4,-250,-52,-33,4,-12,-4,-971,-118;
6,-252,-50,-35,1,-13,-4,-970,-121;
5,-251,-51,-34,0,-10,-4,-965,-120;
5,-251,-52,-35,0,-11,-7,-968,-120;
3,-250,-50,-36,-2,-9,-4,-968,-121;
7,-252,-52,-38,-3,-10,-6,-976,-126;
8,-255,-47,-40,-4,-10,-3,-975,-121;
8,-254,-49,-40,-5,-12,-7,-976,-118;
8,-255,-49,-40,-7,-10,-7,-978,-121;
7,-255,-51,-40,-8,-12,0,-978,-125;
8,-254,-50,-37,-9,-12,3,-974,-125;
0,-254,-53,-37,-10,-12,-59,-966,-136;
10,-255,-51,-36,-9,-3,15,-975,-123;
7,-252,-50,-34,-11,-14,1,-972,-123;
10,-255,-50,-35,-10,-14,4,-971,-124;
10,-252,-52,-33,-7,-15,9,-976,-128;
10,-252,-50,-33,-7,-16,3,-977,-130;
9,-253,-54,-35,-8,-17,4,-976,-132;
10,-251,-52,-33,-7,-15,9,-968,-130;
8,-249,-50,-33,-5,-15,10,-968,-126;
11,-252,-54,-32,-4,-13,7,-973,-126;
9,-249,-54,-31,-3,-13,11,-967,-134;
13,-251,-53,-31,-4,-12,10,-969,-133;
11,-250,-55,-33,-3,-9,10,-972,-135;
10,-249,-51,-35,-1,-9,14,-973,-130;
11,-253,-54,-36,1,-7,13,-970,-131;
11,-252,-48,-37,1,-7,14,-977,-128;
11,-256,-54,-37,2,-6,12,-974,-127;
15,-255,-53,-37,4,-6,11,-974,-131;
9,-254,-49,-35,6,-5,13,-977,-128;
12,-254,-51,-31,7,-6,8,-977,-127;
11,-253,-53,-27,9,-5,9,-975,-130;
9,-253,-50,-23,9,-6,8,-976,-132;
10,-252,-52,-20,11,-3,9,-974,-130;
9,-253,-53,-16,13,-5,6,-979,-128;
9,-251,-54,-14,15,-4,7,-975,-131;
8,-250,-54,-15,15,-4,5,-968,-134;
14,-255,-50,-18,16,-3,9,-970,-133;
10,-250,-53,-21,19,-5,5,-971,-134;
7,-251,-53,-24,20,-3,7,-969,-135;
7,-253,-51,-27,19,-3,10,-975,-136;
9,-252,-52,-28,21,-1,8,-971,-136;
11,-252,-48,-30,20,-5,10,-972,-130;
