  18,-263, -39, -56,  -3,  -3.1, -21,-997,  13;
15,-260,-37,-58,-2,-3,-22,-999,   9;
14,-262,-40,-57,-2,-3,-23,-999,  14;
15,-262,-39,-58,-1,-3,-22,-999,  13;
15,-260,-38,-58,1,-3,-19,-1001,  12;
11,-264,-39,-59,2,-4,-21,-998,  15;
16,-266,-36,-60,3,-4,-22,-998,  13;
16,-261,-39,-58,5,-4,-20,-1005,   8;
17,-263,-34,-58,6,-4,-17,-1000,  15;
15,-260,-36,-58,7,-7,-19,-1002,  14;
15,-263,-38,-58,9,-5,-20,-1002,  13;
12,-258,-41,-57,9,-5,-23,-1005,   5;
14,-261,-44,-57,10,-6,-21,-1001,   8;
13,-263,-40,-56,10,-6,-17,-1001,  14;
19,-264,-40,-55,11,-7,-24,-1003,  16;
13,-264,-31,-53,11,-6,-17,-1000,  12;
21,-261,-40,-53,12,-4,-21,-1002,   7;
13,-259,-38,-53,13,-5,-15,-1003,  13;
16,-262,-41,-52,14,-5,-15,-1000,   9;
14,-260,-39,-52,14,-5,-23,-1003,  12;
17,-262,-36,-52,16,-6,-21,-999,  10;
16,-263,-37,-50,16,-3,-20,-1005,  11;
18,-263,-46,-49,17,-4,-16,-1000,  15;
16,-262,-43,-48,17,-6,-18,-999,  12;
17,-261,-42,-47,18,-5,-21,-999,   6;
14,-262,-42,-48,18,-5,-18,-1006,   8;
18,-254,-35,-48,20,-5,-16,-1003,   5;
15,-263,-41,-44,19,-5,-20,-1003,  12;
16,-261,-35,-44,20,-4,-17,-1004,   9;
13,-258,-37,-43,20,-4,-23,-1007,  11;
15,-261,-38,-41,20,-4,-19,-1002,  15;
15,-258,-39,-42,21,-3,-23,-1006,   8;
14,-262,-40,-42,22,-5,-24,-1003,  11;
14,-261,-36,-43,20,-5,-21,-1003,  13;
16,-262,-36,-41,21,-4,-24,-1001,  14;
19,-261,-36,-41,22,-5,-23,-999,  11;
16,-264,-45,-41,21,-6,-22,-1003,  14;
13,-259,-38,-41,22,-5,-25,-1001,   8;
18,-264,-40,-38,22,-5,-20,-1003,  16;
16,-261,-38,-40,21,-5,-23,-1001,   8;
15,-260,-41,-40,21,-5,-23,-999,  17;
14,-263,-40,-42,21,-5,-19,-1001,  13;
13,-260,-38,-43,21,-5,-23,-999,  13;
16,-259,-39,-41,19,-6,-21,-1000,  11;
15,-261,-41,-42,20,-6,-19,-996,   9;
19,-263,-40,-41,18,-7,-26,-997,   9;
17,-263,-37,-43,21,-5,-19,-1004,  11;
21,-262,-35,-43,19,-5,-21,-1005,   9;
18,-262,-41,-43,18,-5,-24,-1000,  13;
16,-263,-40,-44,19,-5,-23,-1000,   6;
17,-263,-38,-43,18,-4,-21,-999,  11;
16,-262,-39,-43,18,-3,-19,-998,   9;
13,-260,-41,-44,17,-4,-20,-999,   7;
13,-260,-40,-44,16,-4,-19,-997,  14;
14,-260,-43,-44,18,-4,-18,-998,   8;
15,-260,-36,-45,19,-5,-18,-1003,   9;
17,-258,-39,-45,18,-5,-17,-1000,   5;
18,-263,-35,-44,19,-5,-17,-1003,   9;
22,-263,-36,-42,18,-7,-16,-1001,  13;
16,-261,-36,-41,18,-5,-17,-1000,  13;
17,-260,-41,-41,19,-5,-21,-998,  13;
16,-259,-36,-42,17,-5,-20,-997,   4;
15,-260,-42,-43,18,-6,-20,-997,   6;
17,-262,-42,-44,17,-7,-22,-1000,   9;
18,-264,-41,-46,17,-7,-18,-994,   5;
16,-262,-41,-47,18,-7,-22,-1003,   2;
15,-260,-44,-50,18,-7,-21,-1001,   4;
16,-260,-41,-50,18,-7,-22,-1000,   3;
17,-264,-43,-51,19,-7,-17,-1006,   7;
12,-258,-40,-48,19,-8,-19,-1004,   6;
19,-262,-37,-48,19,-8,-8,-1000,  12;
17,-259,-38,-48,20,-6,-16,-1001,   4;
18,-258,-39,-47,19,-6,-15,-999,   4;
16,-261,-40,-49,19,-8,-15,-998,   8;
18,-262,-38,-51,20,-6,-13,-1000,   2;
16,-260,-43,-52,20,-7,-10,-997,   9;
21,-259,-39,-53,19,-6,-20,-1001,   9;
19,-260,-37,-51,20,-6,-15,-1003,  10;
16,-262,-40,-51,19,-6,-16,-1003,   4;
15,-262,-39,-49,20,-6,-17,-1003,  10;
18,-259,-39,-47,19,-6,-20,-999,   9;
17,-264,-43,-48,19,-5,-24,-1003,   6;
17,-261,-42,-49,20,-6,-18,-1003,   5;
14,-262,-44,-49,20,-5,-19,-1003,   5;
17,-263,-42,-49,19,-5,-17,-1003,   1;
17,-262,-39,-49,20,-4,-16,-1001,   0;
17,-266,-45,-47,20,-5,-15,-1001,   5;
16,-260,-39,-47,20,-4,-18,-1002,   5;
17,-263,-40,-45,20,-3,-18,-1008,   4;
15,-264,-44,-44,20,-3,-14,-1002,   4;
16,-256,-44,-43,19,-4,-18,-1003,   4;
15,-261,-40,-42,19,-4,-21,-1004,   4;
14,-262,-42,-41,19,-3,-18,-1012,  -1;
17,-264,-41,-40,19,-4,-17,-1003,   5;
17,-263,-41,-40,17,-4,-20,-1006,   2;
17,-263,-41,-40,18,-4,-17,-1004,   6;
15,-261,-42,-39,17,-4,-17,-1005,   1;
15,-261,-43,-38,18,-5,-17,-1002,   6;
17,-263,-41,-36,18,-4,-17,-1000,   4;
16,-261,-44,-38,18,-3,-14,-1003,   6;
16,-264,-43,-37,18,-2,-20,-1001,   6;
18,-261,-36,-36,18,-2,-18,-1005,   6;
18,-260,-41,-34,18,-3,-16,-1002,   6;
17,-261,-42,-34,18,-3,-18,-996,   6;
15,-258,-41,-34,19,-4,-14,-997,   5;
19,-262,-43,-35,19,-3,-16,-1004,   7;
15,-262,-40,-34,18,-4,-17,-999,  11;
16,-262,-43,-36,18,-3,-22,-1001,   5;
13,-261,-44,-34,17,-4,-13,-999,  11;
16,-260,-38,-33,18,-4,-19,-1001,   3;
15,-264,-39,-34,16,-4,-23,-1006,   2;
17,-261,-40,-34,15,-3,-19,-1002,   9;
21,-266,-36,-35,15,-3,-23,-1005,   6;
18,-263,-40,-36,15,-3,-21,-999,   8;
15,-262,-41,-35,13,-3,-17,-1001,   9;
15,-259,-38,-35,14,-2,-20,-1001,  11;
15,-262,-41,-33,14,-2,-22,-999,   9;
15,-259,-37,-34,15,-3,-18,-1002,   3;
18,-263,-41,-34,16,-4,-17,-997,   5;
15,-260,-38,-35,17,-3,-18,-997,   5;
18,-263,-39,-36,16,-4,-14,-1003,  10;
16,-262,-45,-36,17,-4,-15,-1003,   9;
16,-258,-41,-37,18,-3,-16,-1002,   9;
12,-265,-38,-38,17,-4,-18,-1000,  12;
18,-260,-40,-36,17,-3,-17,-998,   9;
18,-262,-43,-38,17,-3,-22,-1003,  10;
15,-263,-38,-38,17,-3,-23,-995,   5;
18,-261,-38,-36,16,-3,-20,-1000,  11;
18,-261,-37,-38,17,-3,-23,-993,   2;
15,-263,-39,-38,18,-2,-22,-998,   4;
14,-262,-40,-39,17,-4,-19,-1001,   8;
17,-259,-32,-39,19,-3,-18,-997,  11;
20,-264,-38,-41,20,-3,-14,-997,   8;
14,-259,-36,-41,20,-4,-15,-1000,   8;
15,-258,-42,-41,22,-4,-26,-1000,   9;
15,-261,-39,-45,24,-5,-14,-1001,  12;
17,-261,-39,-44,24,-5,-24,-1000,  11;
18,-264,-38,-46,24,-4,-17,-1000,  11;
16,-262,-39,-45,24,-5,-23,-1001,  10;
16,-262,-42,-44,25,-5,-22,-1000,  10;
15,-258,-40,-44,25,-6,-18,-1004,   5;
14,-259,-40,-44,26,-5,-17,-1000,   6;
20,-263,-39,-45,27,-5,-24,-999,  12;
17,-262,-39,-46,27,-6,-17,-999,  12;
14,-260,-37,-47,28,-5,-20,-1003,   8;
15,-259,-39,-49,29,-6,-21,-992,  11;
16,-262,-37,-46,30,-5,-25,-999,   8;
15,-261,-39,-46,29,-6,-21,-1003,  14;
17,-262,-39,-45,30,-5,-17,-1000,  13;
15,-261,-40,-45,32,-6,-20,-1004,  13;
19,-262,-40,-46,32,-6,-14,-1000,  11;
16,-259,-41,-46,32,-6,-22,-1002,   9;
17,-263,-40,-44,34,-7,-21,-1003,  10;
17,-262,-39,-44,34,-5,-26,-1005,  14;
12,-261,-44,-43,34,-5,-21,-998,  12;
15,-258,-38,-43,35,-6,-19,-1002,  11;
16,-260,-40,-40,36,-5,-25,-1000,  12;
15,-262,-40,-41,36,-7,-23,-1002,  11;
14,-262,-41,-41,37,-7,-20,-1003,  11;
16,-260,-39,-41,38,-7,-20,-998,  15;
17,-265,-40,-40,38,-6,-21,-1003,  15;
13,-258,-38,-41,37,-6,-20,-1002,  12;
18,-265,-40,-41,37,-7,-20,-999,  15;
14,-265,-40,-39,37,-8,-20,-1004,  12;
15,-263,-35,-39,38,-6,-25,-998,  13;
12,-260,-39,-38,36,-7,-19,-998,  11;
15,-262,-41,-38,37,-6,-24,-1001,  12;
17,-263,-37,-36,36,-5,-27,-1003,  15;
16,-261,-37,-35,37,-5,-26,-1000,  12;
17,-263,-36,-34,35,-6,-22,-1002,  13;
13,-260,-39,-34,36,-5,-24,-999,   7;
12,-263,-38,-34,34,-5,-23,-1002,  11;
15,-263,-37,-31,34,-5,-26,-1001,  12;
14,-264,-40,-32,34,-5,-25,-999,  15;
16,-262,-39,-29,33,-5,-23,-1006,  12;
14,-259,-39,-29,32,-5,-25,-1001,  17;
13,-260,-42,-29,31,-5,-22,-1002,  11;
14,-263,-36,-29,29,-4,-25,-1002,  15;
13,-261,-37,-30,29,-3,-29,-1008,  14;
15,-261,-40,-27,27,-3,-21,-1002,  14;
14,-264,-38,-29,27,-4,-23,-997,  18;
17,-261,-36,-27,25,-3,-20,-999,  11;
18,-264,-37,-29,24,-5,-28,-1003,  14;
16,-264,-34,-30,24,-3,-27,-996,  19;
16,-261,-40,-30,24,-4,-27,-1001,  16;
16,-264,-38,-30,23,-4,-23,-1000,  12;
14,-261,-36,-29,23,-5,-26,-1001,  18;
19,-264,-36,-27,23,-4,-23,-1003,  14;
17,-261,-40,-27,21,-4,-29,-997,  18;
15,-263,-41,-27,21,-4,-27,-997,  13;
14,-261,-40,-26,21,-3,-27,-1002,  15;
13,-260,-37,-26,22,-2,-28,-998,  16;
16,-260,-37,-26,20,-3,-28,-997,  12;
15,-258,-40,-27,20,-3,-20,-1000,  15;
12,-259,-35,-26,21,-2,-28,-1001,  16;
16,-261,-40,-26,19,-3,-25,-998,  18;
16,-263,-36,-28,19,-3,-25,-1001,  16;
15,-261,-37,-30,19,-2,-21,-1003,  19;
12,-260,-43,-30,17,-3,-20,-1004,  19;
17,-264,-37,-29,19,-2,-28,-1006,  20;
12,-260,-37,-30,19,-2,-18,-1003,  17;
16,-263,-41,-29,20,-4,-16,-999,  13;
19,-263,-36,-30,22,-4,-19,-1004,  16;
15,-258,-40,-29,23,-5,-20,-999,  18;
16,-263,-37,-31,25,-4,-23,-1004,  20;
15,-264,-37,-28,25,-5,-18,-999,  16;
18,-264,-37,-28,27,-4,-25,-999,  18;
14,-261,-35,-28,28,-4,-14,-1001,  16;
13,-265,-41,-26,28,-5,-22,-995,  18;
15,-261,-37,-28,30,-6,-22,-1000,  23;
16,-261,-36,-26,30,-7,-18,-1001,  16;
16,-259,-40,-27,31,-6,-17,-1002,  16;
17,-262,-41,-31,32,-7,-18,-1000,  14;
16,-261,-38,-32,33,-7,-18,-1002,  16;
17,-262,-38,-34,35,-7,-20,-996,  16;
11,-261,-37,-33,36,-7,-18,-997,  12;
17,-261,-39,-33,38,-8,-20,-997,  18;
16,-263,-38,-34,40,-9,-19,-999,  17;
13,-259,-39,-35,41,-9,-12,-993,  20;
14,-259,-33,-34,43,-9,-18,-992,  20;
15,-259,-33,-33,43,-9,-20,-994,  21;
15,-259,-39,-36,43,-10,-13,-992,  19;
18,-259,-37,-40,44,-9,-17,-992,  21;
17,-260,-33,-43,46,-9,-17,-992,  18;
16,-262,-35,-45,46,-9,-19,-997,  16;
17,-263,-38,-47,44,-8,-19,-996,  19;
16,-262,-39,-47,45,-10,-21,-997,  19;
14,-259,-34,-46,45,-10,-23,-1002,  21;
13,-259,-38,-47,46,-10,-24,-999,  19;
9,-259,-37,-47,45,-11,-22,-998,  16;
15,-259,-42,-48,44,-11,-30,-998,  17;
14,-259,-38,-49,44,-10,-27,-999,  13;
14,-264,-36,-49,44,-10,-23,-998,  17;
14,-261,-40,-50,43,-10,-30,-1001,  21;
15,-262,-36,-49,43,-11,-29,-1005,  18;
14,-261,-37,-50,43,-10,-30,-1004,  18;
13,-259,-37,-50,40,-10,-25,-1002,  16;
15,-260,-38,-50,41,-11,-23,-1003,  19;
12,-264,-39,-49,40,-12,-21,-998,  21;
14,-263,-37,-48,39,-10,-26,-1004,  15;
16,-264,-37,-47,38,-10,-24,-1000,  23;
16,-270,-37,-47,36,-8,-23,-1003,  14;
14,-260,-41,-45,36,-9,-22,-1001,   9;
12,-261,-37,-45,34,-10,-24,-999,  10;
15,-262,-38,-44,33,-9,-25,-1002,  18;
13,-262,-34,-41,32,-9,-26,-1004,  16;
14,-260,-39,-40,31,-10,-27,-1003,  15;
16,-261,-40,-38,31,-9,-28,-999,  15;
15,-263,-38,-37,29,-8,-27,-998,  18;
15,-260,-40,-39,27,-8,-28,-1002,  19;
13,-259,-38,-39,25,-7,-28,-1003,  22;
14,-263,-41,-39,25,-7,-21,-1000,  18;
11,-264,-33,-39,24,-6,-28,-995,  18;
12,-260,-41,-39,22,-6,-27,-1000,  20;
15,-261,-37,-39,21,-5,-27,-999,  18;
18,-260,-36,-42,20,-6,-23,-1001,  19;
16,-263,-39,-40,19,-7,-22,-1003,  18;
16,-261,-40,-41,18,-8,-23,-999,  14;
13,-262,-41,-41,18,-7,-22,-995,  19;
17,-262,-38,-40,17,-5,-28,-1001,  19;
14,-261,-41,-40,15,-6,-25,-998,  15;
14,-260,-37,-41,14,-5,-24,-1001,  17;
15,-260,-43,-42,13,-5,-28,-1003,  18;
15,-264,-42,-43,13,-5,-23,-1005,  20;
18,-268,-40,-41,11,-5,-22,-1003,  17;
12,-261,-35,-40,10,-4,-28,-998,  17;
14,-263,-40,-39,8,-4,-17,-1003,  17;
14,-263,-37,-38,9,-4,-19,-1003,  17;
16,-262,-37,-36,6,-5,-22,-1002,  17;
15,-262,-33,-35,8,-4,-22,-1000,  22;
16,-258,-36,-35,7,-5,-27,-1001,  20;
19,-262,-42,-35,5,-3,-19,-1001,  20;
15,-263,-39,-35,5,-4,-21,-997,  18;
16,-256,-42,-37,6,-4,-19,-998,  20;
14,-260,-33,-36,4,-3,-19,-1001,  18;
16,-261,-34,-38,4,-3,-18,-1000,  20;
13,-262,-38,-38,4,-2,-21,-997,  17;
16,-264,-37,-38,4,-4,-19,-997,  18;
14,-262,-39,-38,4,-3,-23,-999,  18;
15,-260,-39,-36,4,-4,-16,-1001,  20;
12,-258,-36,-37,4,-2,-21,-1001,  18;
15,-260,-34,-37,4,-2,-22,-999,  20;
14,-261,-41,-38,4,-2,-27,-999,  20;
17,-261,-38,-37,3,-2,-22,-999,  20;
22,-262,-36,-37,4,-3,-21,-1006,  18;
15,-260,-38,-36,3,-3,-15,-998,  20;
14,-261,-35,-36,3,-2,-19,-1001,  22;
17,-262,-38,-37,4,-2,-21,-997,  15;
15,-262,-37,-37,4,-3,-18,-998,  20;
15,-261,-39,-38,3,-4,-19,-1000,  19;
16,-260,-37,-40,3,-4,-20,-997,  19;
17,-262,-34,-43,2,-4,-23,-993,  21;
15,-260,-38,-43,2,-4,-17,-1001,  20;
16,-260,-36,-44,2,-3,-19,-995,  22;
16,-262,-40,-43,2,-3,-15,-1003,  22;
21,-261,-32,-43,2,-3,-18,-999,  22;
18,-261,-34,-43,1,-3,-18,-1000,  21;
14,-259,-35,-43,2,-3,-25,-995,  24;
15,-261,-37,-44,1,-4,-22,-995,  20;
15,-259,-35,-44,1,-3,-23,-997,  20;
15,-262,-36,-46,0,-3,-24,-999,  18;
14,-260,-36,-46,0,-4,-23,-1001,  19;
15,-260,-35,-46,-2,-4,-22,-1002,  21;
13,-260,-37,-46,-3,-4,-26,-1003,  26;
12,-262,-36,-48,-4,-5,-24,-1001,  20;
15,-260,-32,-47,-5,-3,-24,-1008,  17;
12,-260,-39,-47,-6,-4,-27,-995,  16;
14,-258,-35,-48,-7,-2,-28,-999,  22;
14,-262,-38,-49,-7,-2,-29,-997,  22;
16,-263,-35,-51,-9,-1,-29,-1001,  20;
14,-260,-36,-50,-10,0,-24,-1003,  21;
14,-260,-39,-51,-11,-1,-22,-997,  19;
15,-259,-33,-51,-12,-1,-28,-1003,  19;
14,-263,-35,-51,-14,0,-29,-1000,  19;
16,-264,-39,-50,-13,0,-28,-1002,  20;
13,-259,-36,-51,-13,-1,-25,-1002,  22;
18,-262,-36,-49,-14,0,-27,-1006,  17;
15,-260,-38,-49,-16,-2,-28,-995,  22;
14,-262,-37,-48,-16,0,-23,-1003,  19;
13,-261,-36,-48,-15,-2,-24,-1004,  19;
16,-260,-36,-48,-17,-1,-27,-1000,  19;
16,-259,-37,-47,-16,-1,-20,-999,  17;
18,-263,-39,-45,-15,-1,-26,-1002,  16;
13,-260,-34,-45,-15,-3,-24,-999,  19;
14,-259,-38,-45,-14,-2,-24,-1002,  19;
15,-259,-43,-46,-16,-2,-24,-997,  27;
13,-262,-34,-46,-16,-2,-21,-999,  21;
16,-265,-37,-46,-15,-3,-20,-999,  18;
15,-260,-40,-47,-15,-3,-25,-1004,  18;
18,-262,-35,-47,-15,-1,-22,-1000,  16;
17,-262,-36,-46,-15,-2,-19,-1003,  17;
15,-262,-37,-47,-15,-1,-19,-997,  18;
17,-261,-38,-47,-14,-2,-19,-998,  18;
14,-260,-33,-48,-13,-2,-17,-1006,  17;
15,-262,-37,-49,-13,-2,-21,-1002,  19;
18,-260,-37,-49,-14,-3,-21,-998,  12;
14,-262,-40,-49,-12,-2,-19,-1005,  14;
15,-263,-40,-49,-11,0,-20,-1001,  18;
17,-259,-38,-50,-10,-1,-15,-998,  17;
15,-260,-36,-51,-9,-2,-18,-1000,  18;
18,-262,-39,-52,-8,-1,-10,-1002,  19;
15,-262,-36,-53,-7,-2,-21,-999,  15;
19,-262,-36,-50,-5,-2,-15,-997,  14;
17,-260,-36,-51,-6,-2,-19,-998,  14;
16,-262,-39,-52,-5,-1,-15,-994,  12;
16,-260,-37,-53,-3,-2,-16,-1001,  14;
15,-264,-37,-54,-1,-2,-9,-1001,  18;
18,-264,-37,-54,-1,-3,-20,-1003,  14;
19,-257,-43,-53,1,-3,-15,-1002,  14;
16,-264,-37,-53,0,-3,-15,-1004,  17;
16,-257,-38,-55,2,-3,-17,-1001,  19;
15,-261,-39,-57,4,-4,-18,-999,  20;
16,-260,-37,-58,4,-3,-20,-1002,  17;
13,-260,-39,-57,5,-4,-21,-1006,  13;
17,-262,-37,-57,6,-4,-15,-1003,  18;
18,-261,-38,-59,6,-4,-18,-997,  22;
18,-265,-37,-58,9,-5,-13,-1003,  14;
17,-262,-39,-60,11,-4,-12,-1002,  14;
16,-264,-33,-60,11,-5,-17,-1001,  16;
18,-261,-44,-60,13,-5,-15,-1001,  18;
15,-263,-37,-59,14,-5,-14,-996,  16;
17,-259,-38,-59,13,-6,-15,-1000,  17;
15,-259,-35,-60,14,-5,-17,-998,  20;
15,-260,-40,-60,14,-5,-16,-1000,  10;
18,-261,-35,-62,14,-3,-19,-998,  14;
16,-261,-45,-64,15,-3,-14,-1003,  12;
16,-263,-43,-66,18,-5,-17,-1002,  13;
19,-262,-43,-66,18,-6,-15,-999,  10;
15,-262,-39,-66,19,-6,-19,-1002,   9;
16,-261,-37,-66,20,-4,-21,-1001,  11;
15,-259,-36,-64,22,-5,-16,-1001,  11;
16,-262,-43,-64,23,-6,-19,-1007,  10;
17,-261,-37,-63,24,-5,-18,-998,  13;
16,-262,-38,-62,24,-6,-19,-998,  17;
16,-263,-39,-61,25,-5,-20,-1005,  18;
17,-261,-38,-62,24,-5,-19,-1001,  16;
16,-262,-38,-63,24,-5,-19,-999,  15;
17,-264,-42,-65,25,-5,-18,-1002,  16;
13,-262,-39,-67,25,-6,-18,-1004,  17;
16,-263,-39,-66,26,-6,-17,-1001,  14;
15,-260,-37,-66,26,-7,-18,-1004,  17;
11,-260,-42,-65,26,-7,-21,-1000,  12;
19,-263,-40,-64,26,-7,-18,-1000,  15;
15,-262,-38,-63,26,-8,-19,-999,  12;
18,-261,-38,-64,27,-6,-17,-1000,  12;
16,-261,-38,-63,27,-6,-19,-1003,  16;
15,-260,-38,-64,27,-6,-17,-996,   8;
16,-260,-39,-64,28,-7,-16,-999,  11;
16,-260,-43,-64,28,-6,-17,-1003,  13;
16,-261,-38,-65,30,-5,-22,-1001,  12;
17,-262,-38,-65,28,-7,-20,-1001,   6;
19,-258,-39,-66,28,-7,-18,-1003,  11;
14,-261,-35,-66,28,-7,-20,-1000,  12;
18,-262,-36,-64,29,-6,-16,-1002,  13;
16,-262,-43,-65,28,-6,-29,-1000,   9;
15,-262,-40,-62,28,-6,-22,-1004,   9;
14,-262,-39,-64,29,-4,-22,-1003,   6;
18,-263,-37,-63,28,-6,-18,-1004,  11;
16,-260,-40,-62,29,-4,-22,-999,   4;
17,-261,-41,-61,29,-6,-24,-998,  10;
13,-262,-42,-61,29,-4,-19,-1003,  11;
12,-261,-41,-61,30,-5,-21,-1001,  11;
18,-262,-31,-60,29,-5,-19,-1003,   8;
14,-261,-39,-61,30,-7,-17,-1003,   9;
16,-261,-40,-59,29,-7,-17,-1002,   9;
16,-260,-35,-58,29,-6,-21,-1003,   9;
14,-262,-39,-59,29,-7,-18,-1001,   8;
14,-264,-40,-58,30,-7,-20,-1001,  12;
14,-263,-38,-57,30,-7,-18,-1001,  10;
17,-261,-43,-55,30,-7,-21,-1007,   9;
17,-264,-39,-54,30,-9,-17,-1002,   9;
14,-262,-42,-55,30,-7,-21,-1006,  10;
19,-261,-38,-56,31,-7,-18,-997,   5;
15,-262,-33,-55,31,-8,-17,-998,  11;
13,-259,-42,-56,30,-7,-21,-1002,   7;
15,-262,-41,-56,29,-8,-25,-997,   4;
15,-260,-39,-57,30,-7,-18,-999,   6;
17,-261,-41,-59,29,-8,-25,-999,  10;
15,-259,-39,-61,28,-7,-19,-1004,  15;
16,-263,-42,-61,27,-6,-26,-1001,   4;
12,-262,-38,-62,27,-6,-21,-998,   1;
14,-263,-36,-61,27,-6,-22,-997,   1;
17,-262,-39,-62,26,-7,-25,-999,   3;
15,-262,-39,-62,26,-5,-23,-1002,   8;
23,-263,-42,-63,25,-6,-23,-999,   1;
15,-260,-45,-64,25,-6,-27,-1001,   1;
16,-263,-41,-64,24,-6,-26,-1002,   3;
16,-259,-40,-64,24,-5,-23,-1002,   0;
17,-260,-45,-63,24,-4,-21,-1004,   5;
17,-264,-38,-65,22,-5,-24,-1002,  -1;
14,-261,-38,-62,22,-5,-23,-1004,   7;
14,-260,-39,-61,22,-6,-25,-1002,  -1;
17,-260,-43,-60,21,-4,-27,-1006,   1;
16,-262,-39,-58,22,-5,-24,-999,   4;
19,-269,-41,-58,21,-6,-21,-1000,   0;
17,-263,-43,-58,20,-4,-17,-1001,   0;
16,-261,-41,-57,20,-4,-22,-1003,   5;
17,-263,-45,-58,22,-5,-23,-1001,   0;
14,-262,-42,-58,20,-5,-26,-996,   5;
13,-263,-42,-57,21,-5,-21,-1004,   1;
16,-264,-41,-56,21,-6,-19,-1001,  12;
15,-263,-34,-56,21,-6,-20,-1002,   2;
16,-264,-40,-55,21,-7,-19,-1006,   7;
16,-263,-41,-56,20,-6,-14,-1001,  13;
17,-261,-37,-54,21,-5,-26,-1006,   5;
19,-263,-34,-53,21,-4,-26,-1003,  12;
16,-262,-40,-53,21,-5,-19,-1004,   4;
14,-260,-39,-52,20,-6,-22,-1002,   8;
17,-260,-42,-52,21,-5,-25,-1003,   3;
15,-262,-40,-51,21,-4,-29,-1003,   9;
15,-262,-45,-50,22,-5,-26,-1005,   3;
16,-262,-38,-50,20,-4,-22,-1003,   4;
16,-263,-41,-49,22,-6,-20,-1002,   5;
16,-263,-40,-49,21,-5,-25,-1004,   3;
16,-259,-39,-47,22,-4,-23,-1001,   5;
17,-264,-41,-49,23,-3,-22,-1004,   4;
20,-263,-40,-50,23,-5,-20,-1001,  10;
14,-260,-39,-50,23,-5,-25,-1001,  14;
13,-259,-41,-49,22,-6,-23,-1001,   7;
15,-262,-41,-48,24,-5,-24,-1004,   9;
14,-261,-36,-48,25,-5,-19,-1001,  11;
16,-263,-40,-47,25,-4,-24,-1005,   2;
16,-260,-42,-47,24,-3,-18,-999,   7;
16,-261,-41,-46,24,-4,-24,-1003,   9;
16,-265,-39,-45,24,-5,-25,-1002,  12;
19,-262,-41,-47,24,-5,-20,-1004,  13;
17,-261,-37,-45,25,-5,-19,-1004,  11;
16,-260,-37,-45,26,-4,-21,-998,   8;
17,-261,-36,-44,27,-5,-21,-998,   5;
17,-261,-39,-44,26,-4,-20,-1000,  11;
13,-259,-37,-45,26,-5,-20,-1003,  14;
16,-262,-39,-46,26,-5,-19,-998,  12;
17,-260,-39,-46,28,-5,-24,-1002,  10;
18,-265,-39,-45,28,-6,-18,-995,   6;
15,-261,-44,-45,29,-5,-22,-997,   6;
16,-262,-42,-47,30,-6,-22,-1003,   4;
15,-264,-40,-47,31,-6,-18,-995,   7;
17,-261,-40,-47,30,-5,-19,-998,   2;
17,-262,-43,-47,33,-6,-13,-999,   7;
14,-262,-42,-48,32,-6,-19,-1000,   8;
18,-260,-40,-46,33,-5,-20,-1001,   4;
17,-259,-41,-47,33,-5,-15,-997,   6;
16,-263,-42,-47,32,-5,-23,-1002,   6;
15,-260,-37,-47,34,-5,-18,-1003,   6;
14,-261,-38,-45,35,-5,-22,-1002,   1;
13,-261,-40,-44,34,-6,-18,-1002,   8;
19,-262,-41,-44,34,-5,-21,-1002,   4;
12,-258,-42,-44,34,-5,-14,-1004,   0;
13,-262,-47,-43,36,-6,-18,-1001,   2;
15,-261,-44,-41,37,-6,-20,-1005,   3;
13,-260,-41,-41,37,-7,-18,-1000,   6;
15,-263,-42,-40,37,-8,-19,-1005,   1;
17,-261,-38,-40,38,-8,-22,-1003,   2;
16,-263,-39,-39,39,-9,-20,-999,   5;
15,-262,-42,-40,40,-9,-23,-1001,   3;
17,-265,-36,-38,41,-8,-26,-1002,   1;
14,-258,-41,-37,41,-7,-23,-1002,   2;
15,-263,-43,-35,41,-7,-21,-997,   5;
16,-260,-43,-35,40,-9,-23,-995,   3;
12,-262,-41,-34,41,-8,-23,-1001,   3;
15,-262,-40,-35,39,-8,-25,-998,   6;
15,-261,-41,-34,39,-9,-20,-1001,   2;
16,-264,-39,-35,39,-7,-26,-1005,   4;
18,-260,-41,-35,40,-6,-23,-1003,   4;
18,-263,-41,-35,38,-6,-25,-998,   4;
14,-258,-41,-35,39,-7,-27,-998,   6;
14,-262,-43,-38,41,-6,-20,-997,   4;
15,-262,-41,-39,40,-7,-20,-999,   2;
13,-261,-37,-41,40,-8,-20,-996,   3;
15,-264,-47,-41,39,-8,-21,-1003,  -1;
15,-260,-36,-42,39,-8,-25,-1000,   6;
13,-261,-38,-43,39,-7,-27,-1002,   4;
14,-260,-38,-44,37,-8,-21,-995,   5;
14,-263,-40,-44,35,-6,-28,-1002,   5;
16,-263,-37,-45,33,-7,-27,-996,   1;
14,-260,-42,-48,32,-7,-24,-1002,   1;
16,-261,-40,-50,29,-5,-28,-1001,   0;
17,-263,-40,-52,27,-5,-29,-1003,   0;
12,-261,-42,-54,27,-5,-28,-1002,  -1;
15,-260,-41,-54,26,-5,-24,-1003,  -4;
17,-262,-45,-53,25,-7,-32,-1002,  -3;
17,-262,-41,-52,25,-6,-20,-1004,  -4;
15,-260,-40,-53,25,-6,-24,-999,   4;
16,-262,-43,-51,25,-5,-29,-1003,   1;
14,-263,-39,-49,24,-4,-21,-1001,  -2;
16,-261,-43,-48,24,-5,-25,-997,   2;
15,-262,-39,-49,23,-5,-24,-1003,   1;
16,-264,-40,-49,23,-5,-29,-999,   1;
17,-262,-42,-50,23,-5,-19,-1003,   2;
16,-264,-41,-51,23,-4,-19,-1000,   3;
18,-264,-37,-51,25,-5,-25,-1006,   5;
17,-264,-43,-48,25,-5,-22,-1002,   9;
17,-264,-41,-47,25,-6,-17,-1000,   7;
15,-261,-41,-48,25,-5,-23,-1000,   4;
15,-262,-39,-50,24,-5,-20,-999,   2;
14,-262,-37,-49,25,-3,-21,-1003,   1;
15,-264,-36,-50,26,-5,-26,-1000,   8;
15,-259,-38,-50,25,-5,-24,-997,   8;
14,-264,-40,-48,27,-10,-34,-1008,  12;
19,-256,-43,-51,18,-6,-15,-998,   1;
18,-262,-40,-51,25,-5,-24,-1005,   9;
16,-260,-39,-55,25,-4,-22,-999,   4;
16,-267,-38,-54,25,-3,-21,-1005,   6;
15,-262,-44,-50,23,-1,-16,-1003,   3;
15,-261,-41,-47,23,-2,-19,-1002,   4;
15,-262,-42,-47,23,-3,-23,-1000,   1;
15,-261,-39,-47,23,-3,-23,-1005,   6;
15,-264,-41,-47,24,-2,-16,-998,   5;
17,-263,-43,-48,24,-3,-17,-1002,   8;
15,-263,-42,-48,25,-3,-24,-1001,   0;
15,-263,-39,-49,25,-4,-20,-1003,   8;
19,-265,-43,-49,25,-3,-17,-999,   4;
16,-260,-35,-48,26,-3,-23,-1004,   8;
14,-260,-42,-46,27,-3,-19,-1000,   7;
14,-262,-40,-44,27,-4,-21,-1001,   6;
14,-261,-40,-43,29,-3,-21,-1003,   0;
16,-261,-40,-43,30,-2,-20,-999,  12;
14,-260,-36,-42,29,-3,-22,-1005,  14;
14,-262,-38,-39,30,-4,-19,-1002,   2;
16,-260,-36,-39,32,-4,-20,-1002,   8;
13,-264,-40,-39,29,-4,-19,-1006,   9;
13,-260,-38,-38,31,-4,-22,-999,   6;
14,-259,-40,-37,31,-3,-18,-999,  11;
14,-262,-45,-37,31,-4,-25,-1002,   5;
15,-262,-44,-36,28,-4,-21,-1004,   3;
15,-262,-41,-36,28,-5,-30,-1005,   5;
15,-263,-41,-34,27,-3,-24,-1000,   6;
16,-260,-39,-34,26,-3,-23,-999,  12;
12,-259,-39,-35,27,-4,-21,-1002,  11;
15,-261,-40,-33,27,-5,-16,-1002,   5;
16,-263,-42,-31,27,-4,-19,-1001,   6;
15,-260,-39,-31,26,-4,-23,-1004,   4;
17,-262,-43,-31,26,-3,-25,-1000,   8;
15,-261,-39,-31,25,-3,-27,-1009,   8;
19,-260,-35,-30,25,-3,-26,-1002,   8;
13,-258,-41,-32,25,-5,-23,-998,   9;
14,-260,-43,-30,25,-5,-19,-1002,  10;
13,-259,-43,-32,24,-4,-24,-1000,   4;
14,-260,-44,-30,22,-3,-22,-998,  11;
15,-261,-37,-31,22,-2,-20,-997,  11;
15,-263,-37,-32,20,-4,-25,-998,   8;
15,-262,-38,-31,18,-4,-19,-996,   9;
13,-260,-38,-31,18,-3,-30,-998,   7;
17,-264,-36,-34,18,-4,-21,-998,   7;
18,-261,-36,-34,16,-3,-23,-1002,   8;
14,-258,-39,-35,17,-4,-25,-999,   7;
14,-261,-39,-35,16,-4,-26,-999,   5;
14,-261,-38,-34,14,-3,-26,-1001,   5;
16,-260,-39,-37,14,-4,-27,-999,   5;
15,-262,-39,-35,12,-3,-22,-997,   3;
16,-259,-42,-36,12,-4,-21,-1004,   7;
17,-262,-37,-36,11,-4,-17,-1003,  10;
16,-264,-43,-37,10,-4,-20,-999,   8;
18,-262,-46,-36,11,-4,-24,-998,   6;
18,-261,-37,-35,11,-5,-19,-1004,  -1;
21,-262,-36,-36,12,-4,-20,-1000,   6;
18,-261,-41,-34,12,-4,-15,-1005,   5;
17,-262,-40,-35,14,-5,-21,-1003,   0;
17,-263,-38,-35,14,-6,-20,-1004,   0;
19,-263,-40,-34,15,-4,-15,-1004,   0;
20,-261,-41,-35,17,-4,-9,-1000,   1;
18,-261,-42,-33,18,-4,-6,-1005,   0;
21,-264,-40,-31,20,-5,-11,-1002,   0;
22,-265,-40,-31,22,-6,-3,-1004,   6;
20,-260,-43,-31,23,-7,0,-1003,   0;
19,-263,-41,-32,25,-9,1,-1002,   4;
18,-264,-43,-33,26,-9,-1,-999,   1;
19,-263,-39,-32,27,-9,-4,-1003,   5;
20,-260,-40,-32,27,-9,-3,-1005,   6;
20,-259,-39,-31,27,-8,-7,-1003,  -1;
19,-261,-39,-30,26,-8,-11,-1004,   4;
21,-265,-41,-29,27,-6,-5,-1005,  -4;
16,-263,-44,-30,26,-6,-7,-1004,   2;
19,-264,-35,-30,26,-6,-7,-1006,  -3;
16,-264,-43,-30,26,-6,-13,-1008,   3;
20,-262,-41,-28,27,-5,-10,-1004,   3;
22,-264,-41,-26,29,-5,-9,-1002,   2;
24,-268,-44,-26,29,-8,-11,-1003,  -1;
19,-265,-46,-24,30,-8,-9,-1007,  -1;
17,-262,-45,-24,31,-9,-11,-1003,  -4;
21,-265,-42,-21,33,-10,-14,-1009,   0;
21,-266,-44,-20,35,-11,-14,-1008,  -8;
17,-263,-42,-18,36,-10,-8,-1005,  -3;
23,-266,-42,-16,36,-11,-5,-1009,  -9;
20,-264,-47,-11,38,-11,-4,-1004,  -4;
20,-266,-48,-8,39,-10,-3,-1009,  -6;
19,-263,-43,-7,39,-11,-1,-1010, -10;
23,-265,-42,-5,42,-10,-2,-1006,  -7;
19,-260,-39,-2,42,-11,0,-1002,  -9;
19,-261,-40,-2,42,-11,-4,-1001,  -4;
19,-261,-41,-3,44,-10,-5,-999,  -6;
21,-261,-41,-4,46,-9,-4,-1002,   0;
20,-260,-41,-3,47,-8,0,-998,  -3;
18,-259,-42,-5,49,-9,-4,-1002,  -6;
19,-261,-42,-6,51,-8,2,-995,  -6;
24,-266,-41,-5,52,-9,2,-997,  -1;
19,-257,-43,-8,55,-8,-4,-994,   1;
19,-261,-41,-9,56,-8,-1,-993,   0;
16,-260,-48,-12,58,-10,-3,-996,  -3;
19,-257,-45,-14,59,-9,-7,-994,  -1;
20,-262,-43,-19,62,-10,-3,-996,   3;
18,-259,-41,-21,64,-10,-1,-994,  -1;
20,-261,-39,-24,65,-10,-5,-994,   1;
18,-259,-41,-27,65,-10,-3,-994,  -3;
19,-257,-40,-31,67,-11,-3,-997,   0;
18,-257,-40,-36,68,-11,-2,-994,  -1;
20,-258,-48,-40,69,-12,5,-992,   4;
23,-258,-38,-45,70,-12,-5,-992,   5;
22,-258,-41,-50,72,-13,1,-989,   5;
16,-258,-38,-54,73,-12,0,-993,   4;
19,-258,-43,-58,74,-13,0,-987,   4;
20,-257,-44,-63,75,-14,4,-989,   3;
20,-260,-43,-69,76,-15,2,-988,   1;
21,-257,-40,-75,77,-17,-3,-983,   0;
22,-257,-41,-81,78,-17,-1,-989,   4;
21,-257,-46,-88,79,-16,5,-989,  11;
19,-258,-38,-95,80,-17,1,-994,   1;
20,-258,-38,-96,79,-16,7,-995,   7;
23,-259,-40,-99,78,-17,5,-993,   5;
21,-263,-44,-103,78,-16,1,-995,   3;
19,-260,-41,-106,79,-15,-4,-997,   5;
22,-266,-43,-106,77,-15,-2,-999,   4;
22,-261,-38,-109,75,-15,-3,-1000,   1;
20,-259,-40,-112,74,-15,0,-999,  -1;
19,-260,-40,-114,74,-15,-1,-998,  -1;
19,-259,-37,-114,73,-17,-4,-996,   1;
19,-263,-39,-116,72,-15,-11,-1000,  -3;
22,-263,-44,-117,71,-15,-4,-1003,   2;
24,-261,-43,-118,72,-16,-7,-998,   0;
18,-260,-42,-117,73,-15,-13,-1001,   2;
18,-261,-40,-114,71,-13,-2,-1001,  -3;
19,-269,-43,-112,74,-13,-6,-999,  -1;
18,-261,-38,-111,76,-12,-6,-1004,   2;
20,-259,-40,-112,78,-12,-3,-1000,   3;
20,-261,-40,-112,81,-11,-4,-1003,   3;
20,-261,-40,-110,82,-13,0,-1003,   1;
22,-264,-42,-109,84,-13,6,-1000,   2;
24,-262,-43,-108,84,-15,3,-1002,   4;
22,-263,-36,-107,84,-14,1,-1004,   1;
19,-263,-38,-104,85,-15,1,-1003,  -3;
20,-260,-45,-103,87,-17,4,-1004,   0;
21,-255,-45,-102,88,-18,3,-1006,   0;
21,-263,-39,-100,90,-20,4,-1005,   2;
23,-263,-40,-99,91,-23,6,-1000,  -7;
23,-261,-42,-98,93,-22,8,-1005,  -2;
23,-262,-45,-97,95,-24,8,-1004,  -1;
22,-264,-39,-95,100,-26,9,-1009,  -7;
21,-263,-45,-95,103,-28,10,-1008,  -8;
22,-261,-45,-94,105,-31,11,-1005,  -5;
22,-264,-42,-93,110,-31,8,-1002, -10;
23,-259,-47,-91,115,-32,12,-1009,  -9;
24,-267,-46,-91,120,-32,11,-1003,  -5;
26,-263,-46,-89,124,-31,11,-1002,  -7;
24,-265,-42,-88,130,-30,10,-1001,  -4;
24,-262,-41,-85,134,-29,14,-1010,  -9;
24,-263,-43,-84,141,-31,12,-1009,  -7;
22,-262,-45,-80,147,-31,11,-1010,  -4;
26,-264,-42,-77,153,-31,9,-1011,  -6;
28,-266,-48,-76,161,-32,17,-1003,  -5;
24,-261,-44,-74,169,-32,22,-1003,  -3;
27,-261,-41,-74,176,-33,19,-998,  -2;
27,-261,-42,-75,183,-33,24,-1003,  -4;
28,-261,-45,-76,189,-33,26,-996,  -5;
37,-262,-45,-78,195,-34,27,-992,   3;
26,-257,-44,-79,199,-35,30,-994,  -2;
31,-260,-47,-82,205,-34,33,-1003,  -1;
29,-263,-45,-83,209,-33,28,-1001,  -4;
27,-263,-41,-83,213,-33,29,-1002,  -5;
28,-261,-47,-81,216,-30,28,-1004,  -5;
29,-262,-46,-79,218,-29,25,-1001, -10;
27,-260,-44,-78,220,-29,29,-1007, -11;
26,-262,-47,-76,222,-27,25,-1005,  -8;
25,-260,-43,-77,223,-25,24,-1000,  -9;
29,-264,-45,-73,223,-23,24,-1004,  -1;
31,-262,-42,-69,226,-21,24,-994,  -2;
27,-262,-45,-65,227,-17,24,-1000,  -1;
29,-260,-42,-61,228,-13,22,-990,   2;
25,-257,-40,-60,229,-10,22,-988,   4;
25,-256,-40,-58,225,-4,15,-987,   5;
27,-260,-41,-58,225,1,16,-986,   3;
24,-257,-41,-58,221,8,12,-987,   2;
24,-262,-38,-59,216,15,10,-993,   8;
19,-260,-41,-59,209,22,1,-989,  10;
22,-259,-29,-57,200,29,-3,-984,  12;
18,-258,-39,-58,190,35,-13,-991,  13;
18,-260,-40,-58,177,40,-13,-992,  17;
15,-261,-37,-59,167,45,-30,-1000,  16;
12,-258,-35,-60,155,50,-24,-992,  20;
13,-262,-35,-60,143,56,-33,-999,  18;
10,-260,-37,-60,132,59,-35,-999,  18;
10,-264,-37,-59,119,62,-38,-1000,  21;
8,-263,-37,-60,106,63,-41,-1007,  16;
7,-263,-40,-61,95,65,-43,-1005,  19;
8,-266,-36,-61,82,66,-44,-1006,  22;
15,-265,-37,-58,69,66,-49,-1008,  15;
12,-263,-33,-56,57,61,-47,-1005,  20;
10,-265,-39,-56,44,59,-48,-1006,  21;
8,-262,-35,-59,32,58,-45,-1011,  20;
8,-266,-36,-57,18,56,-48,-1016,  19;
8,-266,-40,-56,5,53,-40,-1009,  20;
9,-266,-36,-54,-8,51,-40,-1007,  16;
9,-264,-39,-55,-20,49,-45,-1010,  14;
11,-261,-36,-55,-32,47,-40,-1008,   9;
9,-265,-35,-51,-46,46,-46,-1009,   2;
6,-265,-42,-50,-58,42,-43,-1007,   8;
11,-261,-38,-49,-70,42,-38,-1007,   7;
8,-262,-46,-47,-83,41,-35,-1010,   1;
11,-264,-42,-43,-95,41,-41,-1009,  -1;
9,-265,-45,-41,-105,40,-45,-1005,  -4;
9,-260,-41,-40,-117,38,-42,-1006,  -7;
9,-259,-40,-39,-130,36,-41,-1004,   0;
11,-264,-44,-38,-141,36,-38,-1000,  -8;
10,-263,-46,-37,-153,34,-43,-1003,  -3;
11,-260,-42,-37,-166,34,-41,-1002, -11;
10,-262,-40,-36,-177,34,-40,-1003,  -8;
9,-260,-42,-35,-190,34,-36,-995, -12;
8,-260,-46,-35,-202,35,-39,-996, -14;
16,-262,-46,-32,-214,37,-39,-1000, -13;
8,-258,-49,-30,-226,37,-38,-1001, -20;
6,-258,-49,-30,-237,37,-42,-996, -24;
8,-259,-48,-30,-247,38,-44,-996, -26;
9,-260,-46,-31,-258,40,-47,-996, -25;
9,-265,-48,-32,-267,40,-47,-1000, -34;
8,-260,-47,-36,-276,38,-47,-995, -26;
8,-260,-51,-33,-285,38,-46,-992, -33;
8,-261,-52,-31,-290,38,-49,-994, -29;
11,-261,-48,-31,-295,37,-47,-996, -36;
6,-260,-56,-28,-304,37,-47,-990, -33;
7,-259,-53,-27,-312,34,-46,-990, -35;
9,-261,-53,-27,-320,33,-44,-989, -38;
9,-259,-50,-28,-327,31,-45,-984, -43;
5,-257,-51,-28,-332,27,-54,-980, -42;
6,-256,-53,-29,-339,24,-58,-974, -45;
4,-254,-54,-29,-344,22,-52,-967, -42;
6,-252,-49,-30,-351,18,-61,-964, -45;
5,-251,-55,-38,-359,16,-65,-966, -40;
5,-257,-51,-42,-367,13,-58,-968, -45;
6,-254,-52,-46,-371,10,-59,-970, -39;
6,-249,-54,-46,-373,5,-65,-975, -35;
2,-256,-48,-51,-371,1,-72,-980, -30;
3,-256,-47,-60,-373,-3,-69,-981, -31;
2,-258,-45,-69,-374,-10,-75,-977, -25;
2,-255,-48,-68,-376,-24,-67,-983, -27;
2,-259,-43,-75,-371,-34,-68,-991, -17;
0,-261,-42,-84,-361,-36,-78,-1000, -12;
4,-265,-42,-86,-354,-37,-64,-1006,   1;
7,-265,-41,-77,-347,-42,-51,-1007,  -5;
10,-265,-38,-69,-332,-50,-43,-1009,   3;
11,-263,-40,-63,-315,-55,-39,-1007,   3;
9,-265,-38,-60,-300,-60,-42,-1016,  10;
10,-262,-39,-58,-284,-56,-37,-1016,  20;
16,-262,-40,-59,-274,-54,-31,-1011,  10;
12,-263,-38,-58,-263,-54,-29,-1007,   6;
17,-264,-38,-55,-254,-53,-21,-1001,   8;
17,-264,-39,-54,-241,-54,-13,-995,   4;
19,-257,-43,-54,-228,-55,-14,-988,  -7;
18,-258,-41,-58,-211,-57,-11,-986,  -2;
17,-256,-37,-68,-193,-57,-13,-992,   2;
17,-260,-40,-77,-174,-57,-15,-991,  14;
17,-261,-38,-85,-158,-54,-17,-994,   3;
17,-261,-48,-94,-141,-52,-20,-994,  17;
15,-260,-41,-100,-126,-50,-25,-996,   8;
13,-261,-36,-106,-113,-46,-34,-1001,  12;
8,-262,-40,-110,-100,-43,-34,-1007,  11;
12,-265,-41,-115,-86,-42,-37,-1018,   3;
10,-265,-40,-118,-68,-38,-40,-1014,   9;
11,-266,-41,-124,-51,-36,-38,-1023,  11;
9,-268,-42,-125,-35,-34,-44,-1019,   4;
8,-269,-45,-123,-18,-30,-44,-1025,   5;
10,-271,-45,-120,-1,-29,-47,-1022,   2;
9,-267,-41,-118,15,-28,-50,-1018,   4;
12,-272,-35,-117,30,-24,-54,-1018,   4;
6,-265,-39,-117,44,-20,-57,-1018,  -5;
5,-265,-42,-120,57,-15,-54,-1016,  -4;
8,-265,-47,-125,69,-11,-56,-1012,  -4;
2,-264,-42,-130,85,-3,-64,-1010,  -7;
4,-264,-44,-133,94,2,-64,-1010, -10;
5,-264,-41,-132,105,4,-71,-1007,  -8;
1,-261,-46,-131,120,7,-66,-1003,  -8;
4,-265,-46,-132,132,11,-75,-1011,  -6;
-1,-265,-46,-127,142,16,-88,-1013,  -1;
0,-259,-45,-116,149,16,-86,-1003,  -9;
-5,-262,-46,-105,156,12,-104,-1002, -12;
-6,-258,-45,-97,164,7,-103,-1001, -18;
-6,-261,-44,-99,170,3,-113,-994, -16;
-7,-258,-49,-103,174,-1,-113,-995, -15;
-11,-260,-47,-104,177,-4,-125,-993, -16;
-12,-259,-49,-103,178,-7,-135,-992, -25;
-17,-259,-48,-101,180,-10,-140,-989, -26;
-14,-258,-48,-101,179,-14,-145,-989, -28;
-17,-258,-50,-102,177,-19,-145,-987, -26;
-18,-258,-49,-103,175,-25,-150,-983, -29;
-14,-258,-48,-105,171,-29,-154,-985, -34;
-16,-257,-51,-108,166,-35,-154,-983, -30;
-20,-255,-53,-106,158,-43,-158,-979, -28;
-20,-254,-47,-108,151,-50,-156,-980, -29;
-19,-258,-49,-110,143,-58,-167,-980, -19;
-22,-255,-47,-113,133,-63,-166,-980, -24;
-20,-257,-47,-114,123,-69,-160,-977, -31;
-18,-256,-45,-117,112,-77,-166,-973, -33;
-21,-256,-53,-120,100,-82,-166,-971, -38;
-17,-257,-50,-123,90,-89,-161,-964, -33;
-18,-253,-53,-126,81,-94,-164,-970, -45;
-18,-253,-45,-133,70,-100,-161,-970, -40;
-18,-256,-54,-141,58,-105,-161,-968, -48;
-20,-255,-56,-149,47,-108,-153,-972, -47;
-18,-255,-53,-155,36,-113,-153,-969, -54;
-16,-257,-55,-160,26,-118,-150,-977, -56;
-17,-257,-57,-163,14,-120,-146,-982, -54;
-14,-257,-60,-165,4,-123,-139,-986, -55;
-15,-257,-57,-170,-5,-129,-132,-984, -62;
-10,-263,-56,-174,-14,-130,-128,-993, -67;
-8,-260,-56,-173,-23,-132,-117,-987, -67;
-7,-258,-61,-171,-30,-133,-112,-995, -76;
-15,-257,-63,-173,-37,-133,-108,-994, -77;
-5,-264,-59,-176,-47,-135,-100,-1000, -80;
-1,-261,-63,-177,-57,-136,-101,-1001, -79;
-1,-261,-63,-174,-68,-137,-92,-1003, -84;
0,-263,-63,-169,-77,-137,-96,-1002, -88;
-1,-263,-64,-166,-86,-138,-93,-1002, -85;
0,-263,-61,-162,-95,-138,-93,-1004, -94;
-2,-262,-68,-157,-103,-138,-87,-1003, -90;
0,-264,-65,-153,-107,-138,-89,-1003, -90;
1,-262,-64,-152,-113,-137,-80,-1005, -92;
1,-266,-64,-150,-117,-135,-73,-1008,-104;
2,-269,-63,-149,-116,-132,-70,-1010,-102;
5,-262,-64,-152,-115,-128,-65,-1006, -97;
7,-267,-68,-156,-113,-123,-58,-1014, -98;
8,-265,-67,-155,-112,-116,-46,-1013,-108;
12,-267,-68,-161,-109,-108,-43,-1023,-112;
9,-266,-66,-167,-106,-98,-36,-1020,-107;
13,-267,-66,-170,-106,-87,-28,-1018,-110;
16,-270,-71,-171,-104,-76,-20,-1024,-110;
11,-267,-68,-175,-105,-65,-23,-1020,-106;
21,-266,-67,-173,-106,-52,-5,-1012,-113;
18,-262,-68,-168,-101,-36,-8,-1007,-115;
14,-262,-70,-163,-95,-20,-6,-1003,-121;
19,-257,-67,-160,-90,-7,0,-992,-115;
25,-262,-69,-152,-84,5,-1,-979,-115;
21,-251,-72,-148,-78,14,1,-971,-106;
29,-248,-59,-143,-68,23,6,-967,-112;
24,-249,-69,-139,-55,25,7,-957,-104;
20,-247,-58,-136,-40,26,2,-949,-110;
16,-246,-62,-135,-23,25,6,-938,-107;
23,-247,-72,-132,-4,22,7,-940,-109;
30,-247,-75,-128,16,18,14,-934,-107;
27,-247,-69,-132,40,14,13,-933,-108;
28,-243,-63,-136,65,10,12,-936,-109;
25,-247,-67,-141,88,9,17,-933,-109;
33,-239,-78,-150,111,6,19,-943,-118;
28,-243,-68,-160,132,6,23,-938,-115;
31,-252,-67,-171,151,7,29,-948,-111;
28,-251,-76,-187,168,12,34,-943,-112;
30,-251,-76,-203,185,16,32,-940,-119;
33,-248,-73,-218,199,21,35,-940,-113;
31,-251,-74,-235,209,29,42,-933,-118;
30,-247,-65,-250,224,39,39,-935,-115;
32,-234,-84,-264,236,50,43,-931,-115;
33,-235,-65,-274,246,62,37,-923,-114;
33,-241,-68,-284,254,72,42,-921,-112;
33,-240,-73,-295,259,79,36,-917,-109;
29,-236,-65,-310,263,88,30,-917,-102;
31,-239,-73,-326,265,95,41,-911,-103;
32,-239,-68,-341,267,100,34,-914,-102;
31,-241,-68,-356,273,105,41,-918, -96;
31,-239,-65,-372,276,104,45,-915, -89;
32,-245,-63,-386,283,109,40,-924, -88;
31,-247,-60,-399,285,111,41,-938, -80;
31,-247,-57,-412,285,110,41,-942, -79;
33,-249,-64,-421,283,112,37,-953, -75;
33,-254,-54,-430,279,113,48,-968, -72;
30,-256,-55,-438,272,112,46,-974, -66;
34,-255,-60,-446,265,111,44,-987, -66;
29,-261,-61,-447,257,112,36,-997, -61;
29,-261,-54,-448,243,114,32,-1002, -63;
32,-269,-62,-446,228,116,30,-1006, -68;
26,-268,-55,-443,209,118,30,-1012, -69;
26,-267,-60,-441,190,120,28,-1014, -76;
29,-269,-59,-435,168,120,28,-1011, -90;
28,-266,-61,-434,143,120,22,-1015, -91;
27,-267,-63,-436,116,117,15,-1018, -96;
22,-265,-65,-438,89,115,13,-1020,-103;
19,-269,-72,-439,60,110,0,-1014,-109;
17,-267,-68,-439,30,107,-8,-1018,-113;
18,-267,-68,-442,-6,102,-16,-1023,-123;
15,-268,-70,-448,-37,97,-16,-1018,-137;
13,-273,-77,-455,-60,92,-24,-1030,-141;
12,-278,-78,-463,-88,82,-19,-1060,-147;
15,-277,-73,-472,-115,65,-30,-1057,-138;
13,-284,-74,-470,-138,55,-23,-1068,-131;
16,-288,-67,-459,-152,39,-22,-1086,-117;
16,-286,-65,-440,-163,20,-20,-1096,-106;
19,-289,-64,-411,-169,-3,-7,-1099, -92;
22,-288,-63,-376,-170,-25,-5,-1088, -91;
23,-280,-63,-339,-171,-47,6,-1073, -96;
24,-273,-63,-302,-172,-71,8,-1033, -93;
30,-261,-70,-273,-170,-90,32,-1004,-114;
31,-255,-73,-253,-162,-101,42,-976,-125;
33,-252,-67,-238,-152,-110,48,-947,-127;
37,-237,-75,-234,-144,-116,59,-915,-129;
41,-235,-74,-240,-139,-117,75,-886,-134;
47,-227,-77,-253,-134,-117,90,-868,-134;
52,-223,-78,-275,-131,-112,115,-852,-142;
56,-225,-79,-304,-127,-109,128,-847,-149;
56,-223,-79,-341,-126,-106,136,-844,-143;
60,-225,-79,-381,-131,-100,147,-854,-153;
61,-225,-77,-414,-140,-93,160,-859,-146;
64,-232,-82,-446,-150,-85,172,-872,-149;
65,-237,-79,-474,-159,-76,171,-890,-155;
66,-241,-76,-497,-169,-66,173,-914,-158;
65,-244,-84,-516,-178,-60,172,-930,-162;
63,-250,-83,-528,-188,-53,164,-943,-155;
64,-250,-82,-532,-196,-45,159,-948,-164;
60,-254,-79,-534,-200,-41,153,-955,-169;
60,-253,-86,-532,-200,-41,148,-968,-173;
57,-255,-83,-533,-203,-41,135,-968,-172;
53,-257,-82,-530,-203,-45,129,-979,-172;
55,-256,-78,-521,-205,-49,113,-971,-161;
54,-255,-82,-513,-205,-51,116,-969,-170;
48,-254,-77,-498,-201,-53,104,-968,-173;
43,-255,-85,-484,-199,-58,93,-965,-174;
45,-254,-84,-478,-197,-64,93,-952,-175;
45,-255,-86,-476,-192,-68,92,-948,-185;
45,-249,-90,-476,-187,-69,87,-957,-187;
45,-250,-89,-479,-186,-70,89,-949,-190;
45,-249,-92,-484,-184,-70,89,-947,-194;
44,-247,-88,-487,-178,-72,86,-946,-196;
42,-245,-90,-489,-174,-73,86,-935,-200;
44,-244,-90,-488,-170,-76,83,-929,-199;
47,-242,-88,-483,-166,-74,86,-925,-200;
47,-245,-92,-476,-160,-73,89,-925,-200;
46,-241,-92,-468,-152,-73,94,-923,-208;
47,-246,-94,-461,-146,-74,84,-924,-215;
48,-246,-102,-462,-139,-71,100,-920,-227;
49,-241,-100,-468,-122,-66,107,-916,-235;
52,-240,-101,-478,-104,-62,110,-919,-253;
55,-242,-108,-489,-80,-57,121,-922,-263;
55,-239,-113,-502,-54,-55,126,-923,-275;
57,-241,-112,-513,-30,-54,131,-923,-287;
60,-243,-116,-526,-5,-54,135,-927,-296;
63,-247,-115,-539,20,-57,138,-930,-302;
62,-244,-114,-546,48,-60,142,-925,-305;
57,-244,-117,-553,75,-68,148,-936,-312;
62,-249,-113,-557,102,-75,142,-934,-303;
60,-252,-115,-553,127,-82,133,-935,-296;
53,-248,-109,-545,149,-92,121,-938,-288;
51,-250,-110,-530,166,-102,103,-941,-279;
46,-246,-111,-511,177,-110,85,-936,-274;
39,-245,-110,-491,186,-115,74,-938,-267;
35,-248,-109,-473,195,-118,58,-935,-268;
32,-245,-107,-457,199,-118,45,-929,-266;
29,-242,-110,-444,203,-116,32,-926,-271;
26,-242,-111,-431,207,-112,25,-925,-271;
23,-241,-111,-424,208,-106,-6,-918,-276;
19,-239,-116,-416,203,-98,5,-913,-284;
24,-240,-117,-415,199,-84,11,-908,-300;
23,-234,-118,-418,195,-72,2,-891,-306;
17,-231,-115,-420,187,-67,-14,-874,-307;
22,-230,-121,-422,175,-50,-6,-879,-322;
18,-229,-122,-425,172,-39,-8,-865,-321;
19,-232,-118,-423,167,-27,-16,-867,-323;
17,-231,-123,-423,160,-17,-21,-859,-321;
14,-228,-121,-426,154,-13,-30,-863,-317;
17,-228,-116,-434,147,-11,-24,-864,-318;
8,-226,-118,-442,139,-8,-35,-869,-321;
9,-232,-120,-451,131,-4,-44,-871,-315;
9,-229,-120,-461,121,0,-47,-874,-314;
7,-231,-119,-477,111,7,-43,-880,-312;
9,-235,-118,-489,102,10,-48,-886,-313;
10,-233,-119,-495,92,12,-50,-888,-319;
9,-242,-125,-503,84,14,-48,-903,-323;
9,-237,-127,-511,79,17,-46,-911,-332;
11,-244,-124,-518,74,23,-49,-920,-334;
6,-243,-125,-526,68,28,-47,-921,-341;
6,-241,-128,-533,64,36,-48,-932,-351;
15,-251,-129,-534,58,47,-36,-945,-369;
21,-241,-138,-536,56,53,-24,-948,-372;
17,-251,-134,-536,51,51,-13,-947,-382;
20,-254,-133,-528,47,51,-9,-951,-387;
22,-253,-141,-509,46,51,0,-949,-393;
25,-254,-135,-485,46,51,3,-951,-389;
20,-253,-138,-461,42,51,3,-954,-390;
17,-252,-137,-434,40,51,-12,-948,-389;
5,-246,-133,-393,28,64,-59,-929,-370;
32,-253,-134,-344,-3,84,49,-944,-369;
34,-249,-139,-321,-6,78,45,-946,-408;
29,-250,-136,-334,12,75,29,-944,-403;
35,-249,-148,-347,22,68,36,-946,-414;
37,-256,-141,-369,39,34,55,-968,-411;
29,-251,-141,-386,62,4,26,-946,-400;
21,-252,-137,-395,85,4,0,-947,-383;
27,-249,-131,-395,90,-2,10,-936,-377;
26,-247,-137,-386,93,-1,10,-936,-377;
20,-246,-136,-369,99,6,3,-934,-387;
22,-242,-139,-350,100,5,15,-922,-393;
21,-242,-143,-343,97,5,8,-910,-409;
24,-241,-138,-343,94,10,3,-906,-402;
24,-234,-141,-349,90,12,-5,-885,-410;
13,-234,-141,-357,84,17,-24,-884,-408;
18,-233,-137,-364,74,25,-16,-879,-385;
14,-228,-139,-363,64,21,-27,-870,-394;
13,-227,-136,-363,56,19,-35,-861,-392;
11,-230,-143,-371,49,21,-48,-859,-410;
5,-228,-138,-389,45,29,-67,-857,-410;
4,-224,-138,-407,33,37,-56,-852,-405;
7,-223,-143,-418,23,33,-42,-841,-420;
8,-218,-147,-428,15,27,-42,-832,-432;
15,-226,-150,-442,14,29,-35,-862,-446;
15,-224,-152,-475,19,16,-33,-845,-451;
15,-219,-146,-503,18,7,-35,-843,-445;
18,-221,-144,-526,10,3,-19,-827,-441;
22,-221,-150,-532,7,7,1,-831,-451;
20,-220,-154,-533,7,4,-5,-829,-451;
30,-209,-143,-536,3,3,28,-788,-435;
24,-227,-159,-524,-5,8,3,-859,-484;
25,-233,-163,-547,-3,-2,18,-868,-494;
27,-227,-166,-571,-3,-21,16,-857,-507;
24,-223,-168,-582,-1,-33,15,-847,-508;
26,-224,-169,-576,7,-37,10,-835,-516;
20,-222,-172,-568,17,-35,0,-833,-515;
25,-230,-166,-555,27,-30,-4,-831,-514;
19,-221,-167,-541,44,-21,-20,-828,-505;
14,-220,-172,-503,53,-2,-33,-817,-516;
15,-227,-165,-449,63,30,-34,-841,-509;
14,-238,-169,-467,90,37,-37,-912,-526;
12,-225,-158,-501,116,19,-39,-849,-473;
17,-225,-152,-496,122,7,-27,-831,-447;
18,-220,-138,-475,127,-8,-29,-834,-418;
17,-215,-135,-449,125,-32,-27,-821,-392;
12,-216,-139,-396,115,-60,-34,-756,-365;
9,-235,-145,-332,101,-80,-58,-920,-424;
8,-228,-126,-378,116,-124,-61,-829,-359;
5,-214,-132,-390,114,-169,-66,-807,-357;
2,-210,-129,-384,113,-199,-75,-795,-358;
-1,-205,-131,-382,110,-219,-94,-779,-361;
-5,-199,-131,-392,105,-228,-102,-767,-362;
0,-197,-130,-411,104,-230,-92,-758,-364;
1,-195,-133,-449,104,-227,-90,-745,-377;
3,-198,-132,-496,107,-214,-77,-750,-382;
3,-197,-134,-552,107,-196,-66,-752,-377;
11,-196,-138,-609,110,-180,-47,-751,-380;
13,-200,-134,-669,111,-162,-39,-761,-379;
9,-204,-137,-729,109,-140,-23,-769,-380;
22,-205,-139,-782,105,-118,8,-791,-390;
28,-211,-141,-834,114,-103,18,-811,-399;
28,-224,-144,-883,121,-90,28,-850,-429;
32,-231,-151,-929,130,-73,38,-877,-446;
37,-242,-157,-954,156,-50,47,-915,-458;
33,-249,-158,-966,194,-39,35,-942,-461;
34,-256,-156,-966,221,-33,43,-961,-485;
35,-254,-160,-949,253,-23,48,-946,-481;
31,-253,-163,-906,279,-20,43,-954,-482;
43,-257,-162,-834,298,-10,57,-946,-494;
31,-244,-162,-761,322,-14,56,-935,-501;
40,-242,-169,-688,311,-20,67,-903,-501;
46,-235,-167,-604,301,-17,75,-874,-512;
44,-229,-166,-516,304,-6,88,-850,-507;
40,-217,-165,-434,304,-20,74,-815,-496;
41,-212,-168,-361,292,-27,79,-785,-533;
38,-205,-168,-308,279,-26,64,-767,-523;
36,-198,-169,-281,265,-17,54,-746,-519;
29,-193,-170,-266,254,-20,36,-715,-511;
30,-188,-175,-256,229,-11,40,-718,-527;
27,-188,-173,-261,223,-7,35,-705,-524;
27,-190,-171,-276,216,-2,21,-706,-515;
19,-193,-168,-301,212,10,-2,-718,-518;
20,-188,-175,-330,194,-6,-6,-702,-514;
26,-192,-178,-344,169,4,4,-716,-542;
20,-199,-178,-345,170,17,-4,-740,-548;
17,-195,-177,-345,165,28,-8,-725,-544;
17,-206,-178,-331,147,34,-9,-751,-567;
21,-206,-178,-303,136,46,-9,-770,-565;
22,-206,-180,-267,128,54,-6,-772,-566;
20,-208,-179,-222,133,64,-7,-774,-571;
14,-209,-180,-167,135,68,-3,-781,-581;
20,-211,-187,-109,135,75,-8,-789,-586;
22,-207,-189,-71,133,78,4,-775,-589;
24,-207,-185,-42,137,77,-3,-769,-587;
21,-213,-188,-3,135,69,-6,-789,-587;
25,-203,-189,36,125,52,9,-767,-582;
30,-209,-191,79,121,48,24,-775,-601;
30,-203,-187,121,128,38,19,-768,-598;
27,-205,-185,161,138,34,19,-765,-590;
28,-202,-181,204,133,23,14,-757,-587;
27,-200,-187,247,128,12,31,-754,-573;
22,-209,-175,286,127,2,24,-752,-580;
26,-202,-184,316,123,-16,15,-755,-580;
35,-197,-184,339,107,-36,35,-730,-588;
31,-196,-187,369,103,-35,41,-730,-582;
32,-193,-186,403,107,-34,34,-731,-582;
35,-199,-185,424,119,-32,47,-728,-582;
29,-196,-186,440,135,-35,35,-726,-574;
30,-193,-184,465,130,-39,39,-728,-580;
36,-197,-184,498,126,-49,46,-726,-578;
35,-193,-185,523,123,-60,49,-727,-589;
34,-193,-185,545,122,-68,55,-722,-573;
38,-192,-181,570,123,-73,55,-719,-570;
37,-192,-181,595,128,-74,57,-712,-570;
37,-188,-177,614,140,-78,57,-704,-557;
34,-188,-179,628,148,-76,41,-698,-552;
31,-188,-176,641,151,-79,37,-689,-547;
34,-186,-175,655,155,-82,40,-685,-545;
32,-181,-172,664,156,-93,37,-666,-518;
30,-185,-165,677,149,-87,38,-671,-514;
34,-177,-173,701,150,-83,43,-661,-512;
29,-173,-163,720,162,-77,43,-654,-508;
28,-175,-162,738,168,-73,36,-648,-482;
29,-173,-156,757,165,-69,49,-642,-485;
33,-168,-160,769,170,-67,45,-629,-490;
31,-170,-155,770,177,-66,35,-620,-466;
28,-164,-159,778,175,-72,21,-607,-472;
30,-161,-154,782,167,-76,25,-603,-465;
29,-160,-152,781,169,-82,19,-595,-447;
22,-160,-144,778,172,-83,7,-590,-427;
13,-159,-142,778,169,-85,-14,-596,-378;
29,-160,-151,786,141,-87,19,-588,-436;
18,-157,-135,783,153,-91,15,-582,-422;
27,-152,-157,789,145,-89,23,-571,-452;
39,-162,-156,780,155,-85,40,-582,-444;
33,-161,-149,771,153,-82,33,-584,-421;
35,-154,-149,766,141,-83,49,-587,-433;
30,-158,-137,761,148,-84,44,-586,-405;
31,-154,-136,767,132,-85,39,-582,-380;
40,-157,-143,777,106,-86,57,-587,-392;
35,-156,-129,775,108,-92,55,-592,-364;
29,-159,-134,779,118,-97,35,-596,-364;
31,-163,-124,782,123,-104,36,-606,-337;
31,-165,-124,789,131,-108,41,-604,-325;
22,-168,-121,800,157,-110,6,-614,-311;
16,-162,-112,831,138,-117,0,-621,-279;
24,-164,-114,867,111,-122,5,-606,-294;
21,-160,-113,899,98,-123,0,-603,-299;
22,-168,-109,908,110,-125,-3,-609,-267;
25,-163,-112,911,127,-129,9,-609,-274;
16,-168,-99,902,141,-132,-18,-612,-243;
24,-168,-100,898,131,-127,0,-626,-233;
20,-175,-96,883,129,-119,-11,-651,-220;
11,-173,-84,890,114,-110,-31,-642,-179;
19,-176,-95,900,81,-97,-7,-652,-208;
15,-176,-92,892,66,-90,-7,-667,-201;
19,-190,-86,885,29,-74,1,-671,-184;
29,-170,-94,870,-7,-69,39,-654,-221;
25,-170,-99,829,-32,-72,25,-645,-236;
38,-165,-96,776,-50,-67,69,-650,-231;
34,-174,-92,718,-71,-70,50,-647,-208;
11,-188,-56,658,-77,-56,10,-677, -81;
42,-191,-97,657,-178,-21,42,-726,-134;
67,-191,-111,612,-217,3,164,-717,-288;
49,-213,-93,516,-120,19,135,-823,-228;
58,-213,-111,460,-123,43,115,-805,-273;
70,-226,-110,410,-98,78,159,-861,-318;
69,-245,-142,391,-117,134,173,-933,-362;
55,-255,-109,375,-158,147,158,-949,-303;
97,-274,-155,425,-214,156,287,-1040,-488;
73,-272,-150,490,-196,139,205,-1020,-449;
86,-295,-155,617,-182,189,237,-1074,-448;
98,-304,-159,764,-172,224,279,-1126,-497;
86,-330,-160,921,-113,255,261,-1240,-478;
101,-328,-168,1098,-97,253,288,-1227,-506;
106,-346,-165,1286,-29,293,303,-1292,-499;
123,-338,-172,1493,48,327,516,-1227,-492;
126,-389,-123,1729,93,354,334,-1369,-461;
79,-379,-165,1970,165,388,315,-1459,-436;
104,-389,-141,2192,227,421,298,-1467,-417;
77,-384,-128,2373,300,448,213,-1459,-351;
59,-387,-116,2507,325,471,148,-1471,-302;
48,-394,-109,2596,333,491,92,-1504,-283;
34,-396,-108,2635,346,510,58,-1521,-266;
25,-394,-119,2624,361,534,18,-1523,-319;
18,-386,-134,2557,364,553,-22,-1480,-360;
12,-394,-163,2478,374,553,-34,-1516,-480;
3,-404,-187,2391,360,549,-50,-1561,-597;
15,-433,-211,2267,288,544,-48,-1658,-709;
9,-450,-226,2170,213,534,-32,-1720,-761;
11,-460,-239,2140,135,540,-25,-1764,-803;
25,-478,-246,2150,43,534,22,-1811,-811;
31,-488,-239,2222,-9,550,36,-1849,-802;
38,-499,-224,2315,-51,564,68,-1884,-760;
47,-514,-207,2425,-87,594,83,-1953,-694;
47,-545,-189,2570,-101,630,83,-2065,-626;
44,-581,-185,2760,-114,671,95,-2199,-595;
40,-611,-171,2987,-118,704,81,-2323,-556;
38,-653,-162,3250,-127,746,72,-2463,-501;
33,-678,-133,3571,-139,782,52,-2539,-407;
41,-702,-108,3908,-143,811,70,-2657,-297;
33,-713,-81,4183,-149,800,52,-2739,-186;
32,-712,-54,4361,-152,747,53,-2764, -70;
25,-715,-16,4448,-141,652,16,-2769,  71;
20,-699,13,4495,-124,537,16,-2707, 174;
4,-650,42,4539,-102,412,-61,-2532, 335;
-3,-584,69,4634,-83,326,-106,-2193, 445;
9,-499,85,4772,-46,282,-56,-1885, 523;
-2,-412,104,4867,6,264,-97,-1554, 584;
0,-323,113,4892,13,280,-55,-1233, 673;
17,-260,145,4865,-27,343,3,-985, 759;
15,-206,151,4820,-54,401,-3,-798, 795;
15,-169,140,4756,-83,470,-11,-656, 734;
37,-134,115,4683,-117,546,60,-519, 634;
48,-111,79,4602,-120,583,83,-432, 510;
43,-87,54,4503,-69,595,90,-336, 395;
58,-64,25,4378,7,590,124,-246, 274;
51,-49,9,4199,68,582,109,-204, 220;
64,-54,4,4004,112,553,157,-216, 200;
40,-65,-2,3804,152,507,68,-258, 178;
35,-95,8,3621,189,485,34,-345, 176;
25,-123,-11,3522,219,460,2,-447, 126;
4,-140,-18,3519,241,455,-61,-502, 101;
8,-147,-35,3603,224,445,-52,-536,  26;
7,-141,-52,3693,217,396,-48,-514, -29;
13,-135,-52,3772,234,340,-41,-486, -24;
3,-121,-43,3845,265,275,-70,-432,  17;
3,-107,-26,3900,268,219,-74,-385,  63;
1,-97,-7,3927,250,160,-74,-348, 129;
1,-85,-10,3927,246,132,-81,-321, 132;
-5,-79,10,3890,258,140,-109,-292, 216;
-14,-77,30,3846,269,150,-146,-290, 259;
-26,-86,42,3810,278,173,-188,-315, 361;
-38,-89,66,3790,263,187,-214,-336, 438;
-41,-95,90,3753,200,222,-226,-361, 532;
-17,-97,118,3729,123,290,-149,-365, 650;
-34,-110,120,3740,75,345,-208,-414, 655;
-45,-123,128,3743,53,407,-251,-464, 705;
-20,-132,149,3756,-6,446,-150,-493, 783;
-29,-133,171,3782,-35,455,-199,-511, 853;
-47,-129,189,3805,-26,482,-227,-491, 945;
-47,-115,199,3828,-36,508,-252,-445, 990;
-51,-102,198,3824,-62,518,-284,-386,1003;
-61,-79,213,3792,-84,515,-312,-302,1032;
-70,-55,224,3758,-100,496,-336,-213,1080;
-64,-32,233,3716,-149,485,-315,-121,1131;
-49,-12,243,3664,-183,472,-283,-42,1160;
-46,3,244,3594,-174,458,-254,13,1158;
-33,16,243,3527,-173,440,-201,62,1144;
-30,30,239,3492,-198,410,-183,112,1134;
-17,37,247,3492,-218,377,-131,137,1157;
-11,43,249,3505,-238,334,-127,174,1175;
-11,53,257,3502,-235,296,-123,200,1212;
-10,59,258,3467,-217,268,-117,214,1225;
-12,54,254,3410,-202,260,-143,208,1220;
-17,54,271,3338,-188,262,-154,200,1280;
-20,57,276,3266,-188,267,-154,203,1307;
-21,62,289,3200,-191,272,-157,218,1334;
-25,69,312,3149,-192,276,-160,262,1431;
-8,86,321,3098,-249,283,-101,322,1463;
-8,107,320,3020,-319,286,-112,396,1452;
-1,139,316,2923,-390,292,-72,502,1442;
-13,177,310,2808,-460,289,-120,621,1429;
4,216,307,2669,-486,269,-86,771,1427;
3,253,312,2480,-475,238,-98,920,1404;
6,287,308,2249,-431,205,-41,1046,1417;
14,312,313,1991,-397,171,-22,1137,1447;
9,333,310,1690,-361,142,-38,1221,1433;
7,337,294,1348,-311,132,-38,1272,1401;
9,331,254,989,-267,120,-54,1254,1269;
37,301,219,642,-227,119,13,1182,1053;
61,258,192,348,-179,135,119,1033, 971;
64,223,185,135,-67,152,154,861, 918;
54,188,180,-24,51,165,128,742, 893;
63,166,164,-146,129,185,133,644, 837;
49,141,145,-225,205,193,118,555, 771;
41,118,134,-268,267,206,82,466, 712;
27,95,127,-282,294,207,21,383, 688;
11,73,130,-310,291,178,-16,303, 698;
1,62,124,-331,261,109,-59,243, 668;
-9,60,122,-334,204,49,-102,239, 645;
1,60,109,-319,121,-9,-61,230, 598;
8,57,103,-303,41,-71,-50,241, 596;
9,72,103,-309,-1,-115,-45,275, 569;
16,75,101,-328,8,-138,-22,278, 570;
12,79,101,-377,16,-155,-21,301, 580;
10,91,97,-457,19,-168,-41,341, 552;
1,94,99,-553,24,-163,-62,358, 565;
2,98,93,-643,2,-142,-62,371, 544;
7,97,89,-743,-41,-117,-48,372, 527;
6,99,86,-840,-87,-108,-48,379, 506;
4,92,81,-926,-113,-114,-62,371, 497;
-4,92,73,-984,-137,-124,-99,352, 479;
-10,84,72,-1014,-165,-123,-110,340, 460;
-5,77,77,-1030,-193,-126,-110,336, 487;
-8,78,88,-1020,-225,-138,-112,326, 531;
-7,75,95,-996,-254,-140,-97,313, 536;
-4,75,101,-973,-267,-135,-105,313, 564;
-1,73,106,-935,-276,-121,-93,287, 569;
-4,65,119,-890,-264,-110,-97,265, 639;
0,55,130,-834,-254,-90,-77,238, 670;
10,38,155,-774,-255,-78,-48,191, 780;
17,34,185,-694,-262,-65,-15,151, 847;
21,25,208,-600,-226,-48,-18,123,1003;
23,13,239,-487,-174,-26,9,74,1136;
20,8,281,-372,-158,-15,-1,53,1286;
21,7,304,-212,-146,-12,13,67,1368;
13,21,329,-43,-134,-4,-11,108,1478;
18,41,344,132,-142,7,-6,152,1538;
21,55,360,307,-156,14,9,219,1611;
19,73,367,464,-167,2,11,293,1647;
19,99,371,564,-194,-32,0,389,1653;
14,127,354,642,-186,-71,-7,464,1618;
14,141,354,671,-161,-78,-20,533,1608;
15,154,339,659,-150,-86,-24,578,1544;
12,161,330,616,-132,-94,-26,604,1520;
17,161,321,547,-138,-93,-23,618,1471;
18,160,309,465,-146,-85,-16,606,1427;
18,159,306,369,-132,-94,-23,590,1394;
11,145,290,265,-102,-104,-31,551,1353;
17,133,275,147,-89,-99,-8,496,1298;
13,123,265,13,-83,-95,-18,459,1243;
13,107,250,-120,-76,-86,-15,395,1185;
18,94,230,-250,-73,-84,-6,347,1122;
18,79,224,-376,-61,-96,-12,296,1069;
13,66,207,-475,-53,-102,-23,253,1008;
15,56,197,-552,-62,-96,-32,215, 950;
14,50,179,-607,-78,-97,-30,180, 907;
16,38,171,-639,-90,-103,-19,149, 848;
16,31,159,-662,-98,-112,-21,128, 811;
13,27,154,-666,-99,-113,-30,114, 793;
18,22,149,-647,-100,-103,-22,94, 777;
19,16,148,-616,-92,-94,2,69, 769;
17,9,152,-578,-83,-89,-13,57, 776;
15,9,152,-529,-68,-79,-10,47, 784;
23,2,155,-473,-50,-64,-3,35, 800;
17,2,154,-413,-33,-48,-1,28, 808;
26,-2,171,-358,-13,-25,1,17, 847;
35,-5,173,-302,8,1,50,0, 863;
33,-7,181,-257,33,-4,37,-11, 898;
23,-4,185,-223,58,-10,20,-8, 920;
24,-7,192,-193,82,-20,13,-26, 934;
25,-8,205,-180,108,-35,16,-24, 998;
24,-9,213,-154,120,-44,16,-32,1023;
16,-10,223,-133,121,-52,-7,-26,1055;
15,-11,221,-119,116,-57,-23,-53,1055;
14,-16,226,-133,122,-65,-34,-46,1066;
4,-8,228,-163,142,-90,-54,-38,1088;
-2,-9,236,-183,157,-115,-93,-31,1132;
-13,-10,243,-182,157,-107,-99,-42,1157;
-10,-10,243,-189,132,-75,-102,-50,1149;
-2,-13,240,-216,108,-60,-98,-63,1139;
-4,-16,235,-259,103,-62,-93,-68,1126;
3,-21,232,-309,96,-60,-68,-84,1108;
10,-29,224,-369,102,-60,-49,-107,1081;
9,-37,222,-430,117,-61,-39,-138,1057;
14,-46,215,-485,132,-66,-32,-177,1038;
13,-58,216,-523,142,-74,-25,-209,1042;
10,-66,217,-526,145,-75,-32,-241,1039;
15,-77,215,-502,136,-74,-19,-273,1032;
11,-77,217,-453,119,-77,-27,-287,1036;
14,-76,214,-386,99,-76,-18,-292,1024;
14,-72,212,-309,83,-78,-15,-268,1025;
13,-68,208,-226,68,-78,-17,-248,1007;
15,-61,206,-157,57,-80,-23,-229,1000;
18,-59,205,-102,48,-78,-9,-206, 991;
17,-51,199,-68,41,-80,-5,-190, 982;
16,-49,198,-47,37,-79,-3,-176, 968;
18,-49,197,-31,35,-76,-5,-170, 966;
19,-49,197,-10,32,-72,-2,-165, 965;
19,-47,194,12,29,-73,-1,-160, 956;
17,-46,191,33,28,-71,-3,-154, 946;
18,-39,192,54,25,-69,0,-142, 941;
11,-39,196,77,23,-65,-7,-131, 939;
22,-36,196,97,22,-55,-10,-130, 931;
16,-37,187,111,20,-52,-20,-130, 930;
8,-30,194,119,26,-59,-35,-115, 937;
7,-26,191,121,15,-56,-43,-94, 942;
8,-26,192,128,1,-50,-49,-87, 938;
1,-23,193,133,-13,-42,-63,-71, 944;
7,-18,193,137,-37,-32,-51,-64, 946;
3,-14,194,139,-51,-39,-66,-41, 943;
-2,-13,197,134,-44,-37,-88,-31, 973;
2,-13,193,136,-56,-27,-72,-35, 980;
3,-9,199,137,-78,-24,-59,-36, 969;
2,-5,203,133,-84,-23,-68,-22, 981;
2,-5,205,139,-81,-18,-68,-17, 991;
3,-7,204,148,-78,-11,-62,-17, 994;
4,-5,207,156,-72,-8,-58,-14,1005;
5,-5,206,163,-63,-6,-51,-17,1006;
5,-11,214,174,-56,-3,-57,-10,1012;
7,-4,210,191,-51,2,-52,-17,1012;
10,-2,208,206,-40,5,-43,-1,1007;
12,-3,205,217,-18,5,-36,-14,1014;
8,3,213,227,2,1,-51,7,1027;
4,0,220,248,14,7,-64,10,1037;
7,2,214,277,5,22,-53,5,1036;
8,11,209,291,-9,30,-41,28,1029;
10,7,211,298,-11,28,-35,47,1032;
5,17,218,298,-1,24,-46,68,1046;
10,16,219,301,-3,33,-40,71,1047;
9,22,215,302,-9,38,-34,83,1037;
6,26,220,298,-15,38,-40,102,1039;
15,30,216,292,-20,39,-33,116,1031;
12,33,209,278,-15,33,-30,130,1013;
10,29,216,261,-5,27,-34,133,1042;
8,39,212,252,-9,25,-44,148,1039;
11,38,219,241,-11,24,-34,151,1055;
11,43,213,228,-13,19,-40,168,1036;
8,46,211,212,-10,14,-41,168,1037;
10,44,216,197,-9,11,-39,177,1046;
10,50,222,186,-15,11,-37,177,1038;
8,49,215,173,-22,11,-43,181,1029;
9,49,215,158,-19,14,-35,181,1025;
11,49,210,139,-19,10,-32,185,1018;
10,46,211,117,-16,5,-28,185,1021;
12,47,213,91,-4,-2,-33,187,1030;
9,48,214,74,0,-4,-38,182,1026;
7,46,211,60,-3,0,-41,176,1036;
10,48,211,49,-12,2,-34,174,1023;
14,48,213,33,-16,2,-16,179,1025;
12,47,213,19,-10,-4,-29,169,1020;
12,44,212,5,-9,-3,-30,165,1027;
18,41,209,-1,-5,0,-14,158,1012;
14,44,215,-10,12,-7,-26,158,1029;
8,40,214,-11,11,-5,-36,155,1037;
18,39,210,-20,-2,-3,-18,153,1030;
19,44,205,-34,-5,-5,-15,157,1028;
15,36,215,-52,3,-7,-21,154,1030;
15,34,215,-62,6,-8,-28,146,1027;
15,38,214,-65,3,-7,-25,145,1031;
14,38,214,-72,1,-5,-19,140,1027;
15,37,219,-82,2,-3,-14,140,1033;
13,32,215,-91,3,4,-22,126,1016;
14,29,216,-95,12,-2,-20,115,1031;
15,28,215,-99,19,-6,-23,115,1035;
14,28,207,-96,14,-11,-19,118,1029;
15,27,213,-95,17,-9,-28,111,1025;
13,22,215,-98,23,-7,-27,102,1023;
13,23,213,-100,26,-7,-24,95,1026;
16,23,211,-101,25,-9,-28,90,1032;
14,21,216,-98,20,-13,-28,90,1028;
16,22,213,-92,20,-16,-26,84,1030;
16,23,209,-88,25,-18,-19,85,1021;
15,21,213,-90,30,-22,-23,86,1028;
14,21,213,-85,31,-20,-25,81,1021;
11,22,207,-82,36,-19,-28,78,1022;
15,15,213,-86,36,-23,-28,74,1024;
15,16,212,-88,30,-24,-30,68,1023;
16,17,214,-94,27,-25,-29,71,1016;
13,21,215,-95,28,-29,-23,72,1021;
12,16,210,-92,30,-25,-24,73,1014;
13,19,209,-91,27,-23,-29,73,1016;
9,19,209,-88,24,-24,-36,67,1007;
9,19,207,-85,26,-20,-36,74,1010;
12,15,206,-87,23,-15,-29,68,1005;
10,13,205,-93,19,-15,-34,63,1004;
6,12,207,-102,18,-17,-39,53,1000;
9,10,207,-110,17,-23,-40,54,1003;
8,11,208,-110,9,-22,-37,43,1003;
12,6,203,-105,3,-20,-39,33,1002;
8,10,207,-103,-3,-22,-43,43,1003;
9,7,208,-91,-5,-22,-32,36,1001;
11,6,209,-81,-7,-22,-40,29,1004;
7,5,204,-72,-12,-21,-38,35,1002;
12,4,210,-63,-16,-21,-44,36,1003;
9,7,206,-50,-19,-15,-37,36,1006;
11,5,209,-41,-19,-10,-35,36,1008;
10,7,208,-37,-19,-11,-37,38,1006;
8,11,202,-34,-19,-10,-34,43,1006;
8,6,204,-28,-20,-8,-38,39,1004;
8,8,205,-23,-22,-5,-34,39,1005;
12,8,207,-15,-23,-5,-28,37,1006;
16,6,207,-13,-22,-10,-32,38,1007;
14,7,207,-6,-20,-12,-27,42,1004;
9,10,213,0,-12,-13,-31,46,1019;
11,10,213,13,-16,-7,-32,46,1019;
9,11,207,19,-28,-3,-23,49,1008;
14,14,206,19,-28,-5,-23,56,1011;
12,14,207,20,-24,-6,-23,58,1009;
10,13,214,22,-23,-4,-24,55,1018;
8,21,204,24,-25,-4,-18,59,1015;
12,14,206,26,-27,-2,-21,62,1011;
15,17,209,28,-26,-1,-25,63,1012;
13,16,209,28,-24,0,-22,66,1011;
15,17,210,28,-25,2,-22,70,1019;
16,17,205,32,-29,3,-14,73,1018;
23,17,203,33,-27,2,-6,67, 991;
16,18,206,25,-12,-4,3,69, 999;
14,21,213,19,0,-10,-28,71,1022;
10,20,215,24,-8,-10,-28,81,1031;
17,20,211,39,-28,-2,-18,86,1026;
15,21,210,42,-35,5,-13,93,1015;
14,28,213,34,-35,8,-10,107,1020;
17,26,210,31,-36,9,-15,105,1021;
20,26,208,23,-36,10,-5,104,1019;
21,24,207,11,-30,9,-2,108,1009;
16,29,210,-6,-18,6,7,119, 969;
13,24,215,-15,0,2,-11,98,1029;
20,24,215,-8,-9,5,-8,92,1028;
20,24,208,-4,-11,4,-11,93,1019;
20,24,213,-3,-13,5,-6,96,1031;
19,23,212,-7,-12,3,0,100,1029;
14,26,213,-9,-8,1,-5,92,1028;
20,24,211,-10,-4,0,0,98,1025;
18,26,211,-12,1,-2,0,94,1018;
19,24,210,-13,3,-3,-5,95,1018;
17,23,209,-13,3,-3,-1,101,1016;
18,24,212,-15,4,-5,-3,100,1011;
21,27,206,-14,5,-7,-2,103,1013;
22,26,211,-15,8,-9,-3,104,1012;
20,25,211,-14,11,-10,1,95,1015;
18,23,209,-14,11,-10,-3,105,1010;
18,25,209,-10,12,-10,-5,102,1012;
17,25,214,-5,12,-9,-8,99,1009;
18,25,210,-5,10,-11,-6,101,1013;
15,27,211,-4,11,-11,-7,100,1012;
19,26,209,-2,14,-13,-8,103,1015;
20,26,206,-7,21,-14,4,109, 999;
16,25,210,-14,34,-18,-16,109,1017;
17,24,215,-12,36,-16,-7,105,1021;
21,26,211,-15,37,-18,-9,103,1012;
10,22,214,-17,44,-21,-20,97,1027;
17,22,212,-20,37,-20,-7,86,1015;
17,22,209,-33,34,-34,-14,94,1027;
12,17,218,-41,36,-42,-5,102,1023;
16,19,203,-54,47,-46,-20,68,1000;
13,25,215,-60,51,-57,-9,101,1040;
17,29,209,-30,45,-48,-5,103,1019;
17,25,209,-11,41,-34,-8,94,1004;
15,28,214,-18,41,-31,-10,101,1019;
15,26,212,-25,37,-25,-22,108,1024;
18,26,206,-30,30,-21,-15,100,1002;
18,25,211,-42,36,-23,-17,99,1009;
15,19,210,-53,42,-24,-22,89,1013;
14,22,214,-64,42,-26,-30,89,1014;
16,19,223,-67,43,-28,-25,89,1012;
11,19,212,-61,40,-24,-27,79,1013;
15,18,212,-57,37,-21,-27,84,1009;
12,21,207,-55,39,-20,-27,86,1009;
10,20,210,-52,38,-19,-26,83,1014;
12,21,207,-47,32,-18,-29,82,1006;
11,19,211,-40,35,-20,-32,84,1017;
17,17,204,-38,32,-20,-21,79, 994;
11,21,211,-45,36,-23,-34,83,1023;
10,21,209,-42,33,-22,-29,85,1013;
7,25,210,-38,31,-21,-36,89,1019;
12,21,206,-32,23,-15,-20,82,1005;
12,18,207,-34,24,-17,-31,86,1021;
9,22,208,-33,24,-15,-26,85,1009;
16,19,206,-43,28,-19,-26,74, 999;
9,20,216,-62,45,-31,-37,91,1020;
10,20,219,-51,42,-31,-34,84,1038;
13,20,208,-29,22,-17,-28,79,1015;
10,21,213,-18,14,-11,-22,85,1018;
13,22,208,-17,11,-7,-32,82,1008;
12,21,211,-21,11,-6,-28,90,1016;
12,20,213,-22,15,-10,-28,87,1018;
8,18,204,-20,15,-11,-29,91,1018;
16,22,209,-22,14,-11,-13,91,1009;
13,23,209,-24,19,-11,-29,93,1015;
7,23,213,-24,21,-7,-30,92,1021;
12,24,212,-19,12,-2,-32,90,1021;
15,21,214,-18,5,-1,-24,92,1017;
15,22,205,-17,5,-3,-21,90,1007;
16,20,206,-24,13,-6,-17,97,1004;
14,21,209,-33,22,-9,-28,91,1011;
9,25,206,-32,25,-10,-25,87, 985;
10,22,215,-37,30,-15,-31,94,1032;
12,26,208,-21,20,-9,-23,93,1023;
16,23,205,-11,6,-3,-21,93, 999;
14,25,212,-15,13,-6,-24,99,1015;
12,23,211,-15,21,-9,-30,93,1016;
14,24,212,-14,11,-10,-33,92,1019;
16,24,208,-9,3,-8,-9,94,1003;
13,25,211,-11,5,-7,-23,102,1013;
14,25,207,-10,5,-4,-22,103,1010;
11,22,213,-13,5,-3,-30,93,1018;
10,24,212,-14,1,-5,-27,98,1010;
14,24,212,-13,-1,-8,-17,97,1019;
14,24,209,-10,-3,-9,-23,99,1014;
14,26,208,-15,0,-13,-26,102,1005;
15,24,211,-25,10,-17,-26,99,1016;
13,22,212,-24,10,-17,-29,103,1021;
14,27,212,-16,1,-15,-25,101,1014;
18,30,199,-15,-2,-15,-17,111, 990;
13,27,215,-29,12,-18,-31,110,1025;
10,26,215,-25,7,-14,-32,101,1030;
15,23,208,-18,-5,-6,-16,100,1018;
18,27,208,-18,-7,-6,-19,105,1004;
16,27,219,-30,5,-8,-18,107,1020;
11,25,213,-30,11,-8,-26,100,1019;
15,26,210,-28,2,-5,-21,102,1013;
15,24,210,-30,2,-5,-12,101,1006;
15,25,211,-36,7,-4,-21,104,1015;
14,23,209,-34,6,-3,-25,104,1017;
14,23,207,-35,-1,-3,-26,96,1014;
16,22,207,-41,2,-9,-23,94,1003;
13,23,208,-50,10,-15,-22,98,1014;
16,23,213,-46,11,-11,-18,100,1025;
12,22,210,-34,5,-6,-23,94,1017;
15,23,218,-32,-4,-5,-26,105,1015;
16,26,212,-27,-6,-5,-13,105,1011;
20,24,201,-32,-1,-4,-8,112, 983;
11,30,210,-57,21,-12,-22,110,1018;
12,23,214,-61,26,-14,-25,97,1032;
12,24,213,-54,12,-9,-29,87,1021;
11,23,211,-51,4,-9,-23,93,1021;
13,27,211,-45,-3,-8,-22,98,1022;
14,26,209,-44,-4,-9,-21,96,1009;
13,24,210,-44,-4,-8,-26,99,1028;
14,22,211,-39,-8,-5,-15,97,1018;
18,26,220,-38,-8,-7,-18,98,1015;
14,25,206,-36,-4,-8,-20,97,1014;
16,23,209,-41,-1,-6,-19,95,1015;
17,25,208,-42,-1,-5,-20,94,1019;
18,21,207,-42,-4,-2,-19,94,1007;
12,23,212,-48,-3,-3,-15,90,1021;
18,22,208,-46,-2,-3,-20,91,1014;
15,19,210,-46,1,-3,-16,93,1018;
18,23,214,-46,1,-4,-9,94,1018;
21,22,208,-43,2,-3,-7,96,1013;
16,23,212,-40,3,-2,-1,94,1017;
15,26,209,-38,4,-3,-11,96,1013;
14,26,209,-38,6,-4,-5,103,1013;
18,24,210,-42,7,-2,-12,103,1017;
16,23,209,-43,5,-2,-5,98,1019;
21,25,208,-44,5,-2,-17,104,1019;
15,26,210,-46,4,0,-2,100,1015;
16,27,212,-46,5,-1,-16,98,1017;
17,24,208,-49,4,-1,-14,105,1014;
16,24,212,-50,4,-1,-10,101,1008;
14,24,209,-51,5,-1,-5,97,1008;
15,25,212,-52,6,-1,-15,100,1015;
19,23,205,-55,7,-3,-11,106,1018;
16,24,210,-56,9,-3,-9,101,1016;
15,27,208,-58,10,-4,-15,107,1007;
19,23,210,-60,10,-5,-12,108,1018;
18,25,212,-60,8,-4,-1,105,1018;
15,26,210,-63,9,-7,-12,101,1012;
16,26,211,-64,11,-8,-13,101,1018;
18,26,209,-65,11,-10,4,97,1017;
22,23,209,-67,11,-10,0,100,1018;
14,23,210,-64,16,-11,-8,93,1019;
17,23,215,-62,16,-12,-17,91,1018;
15,28,214,-58,18,-13,-10,90,1020;
17,22,209,-54,19,-13,-10,96,1022;
14,25,206,-48,19,-13,-6,98,1012;
18,24,212,-47,20,-13,-12,96,1016;
15,22,209,-46,20,-14,-18,100,1010;
13,27,208,-47,22,-13,-20,98,1005;
17,24,205,-49,22,-13,-8,97,1011;
16,25,210,-52,21,-13,-8,96,1007;
16,22,209,-47,22,-11,-17,97,1011;
14,24,208,-44,22,-11,-19,98,1008;
16,23,205,-40,21,-10,-21,98,1007;
14,22,208,-40,20,-10,-19,102,1010;
14,27,210,-43,20,-8,-23,105,1009;
12,28,207,-43,20,-9,-21,105,1011;
15,25,214,-46,20,-9,-20,106,1014;
14,26,210,-47,18,-8,-19,102,1011;
13,26,210,-51,16,-9,-19,106,1014;
13,24,215,-52,17,-7,-25,100,1012;
15,22,213,-52,13,-7,-24,102,1012;
14,23,210,-53,10,-6,-24,104,1019;
15,26,210,-56,10,-5,-24,100,1015;
15,21,213,-57,7,-6,-29,99,1023;
11,25,209,-59,4,-4,-25,99,1013;
15,24,211,-62,0,-4,-26,96,1020;
17,21,210,-61,-3,-2,-23,103,1019;
15,24,211,-61,-5,-3,-29,95,1018;
12,28,210,-62,-8,-2,-21,101,1015;
12,26,212,-60,-10,-2,-23,98,1017;
16,23,213,-60,-11,-3,-27,96,1012;
9,26,209,-62,-12,-3,-27,95,1017;
14,25,212,-63,-11,-2,-24,93,1015;
12,24,208,-64,-12,-3,-21,90,1013;
15,23,200,-63,-12,-3,-25,92,1014;
13,21,212,-63,-11,-2,-18,89,1013;
14,21,211,-61,-11,-3,-18,81,1012;
17,22,212,-59,-11,-2,-20,94,1007;
18,21,213,-59,-10,-2,-8,93,1010;
15,20,208,-59,-6,-3,-19,84,1009;
18,21,206,-57,-3,-3,-14,92,1015;
14,23,207,-57,-4,-1,-15,84,1014;
16,21,207,-57,-1,-1,-5,91,1012;
19,24,207,-57,0,-2,-2,89,1013;
14,23,207,-58,3,-2,-7,89,1012;
18,19,209,-55,3,-1,-4,86,1011;
19,24,211,-54,5,0,-11,98,1013;
19,21,212,-53,7,-2,-3,93,1008;
18,20,206,-53,9,-2,-3,94,1013;
20,22,211,-51,8,-2,-1,93,1008;
19,24,206,-52,11,-4,-2,92,1010;
19,25,212,-54,15,-4,-3,93,1014;
18,27,213,-53,15,-4,-6,102,1012;
18,23,208,-55,18,-2,-2,94,1008;
19,22,209,-56,22,-4,-1,97,1016;
19,23,214,-56,24,-5,-3,93,1013;
16,24,208,-58,27,-5,0,96,1014;
19,23,212,-57,30,-5,0,95,1013;
17,24,210,-58,31,-4,4,92,1013;
19,23,212,-60,32,-3,-1,93,1016;
18,23,208,-61,32,-3,-8,92,1019;
17,24,210,-57,34,-5,-3,94,1018;
19,19,210,-59,33,-5,-2,91,1019;
20,23,214,-56,33,-5,-3,92,1017;
18,23,211,-57,31,-7,-4,92,1019;
16,23,213,-54,29,-7,-7,91,1014;
16,23,209,-53,30,-7,-6,92,1013;
18,23,206,-53,30,-8,-9,91,1018;
17,25,210,-53,30,-9,-7,95,1011;
16,27,208,-54,30,-8,-11,94,1011;
17,24,207,-55,32,-10,-3,94,1011;
17,23,213,-55,32,-9,-8,96,1017;
15,24,209,-55,30,-11,-7,93,1012;
16,26,209,-55,31,-10,-13,95,1013;
20,25,212,-53,30,-12,-19,95,1016;
12,25,208,-51,30,-11,-18,95,1009;
12,23,206,-50,27,-10,-16,94,1013;
15,24,210,-53,26,-9,-15,98,1011;
16,26,215,-51,24,-9,-22,99,1013;
14,24,205,-52,23,-9,-20,98,1015;
14,27,210,-54,22,-7,-24,93,1013;
13,23,209,-56,22,-4,-23,96,1015;
15,25,211,-55,20,-7,-24,99,1016;
13,24,208,-56,20,-6,-26,97,1015;
13,24,207,-57,19,-8,-19,97,1017;
15,25,211,-58,17,-9,-20,98,1012;
14,26,213,-58,16,-8,-24,96,1015;
18,24,213,-58,16,-8,-24,93,1012;
13,23,209,-60,17,-7,-25,91,1016;
19,18,213,-62,16,-7,-24,97,1016;
15,21,210,-63,16,-5,-27,95,1014;
17,23,210,-61,17,-6,-18,98,1015;
13,23,209,-60,17,-6,-26,94,1013;
15,21,210,-60,18,-6,-23,95,1012;
16,21,212,-62,17,-6,-24,91,1013;
14,23,207,-60,18,-6,-17,94,1015;
13,22,208,-59,17,-5,-16,92,1014;
15,23,210,-57,16,-5,-16,93,1014;
13,23,213,-55,17,-5,-13,89,1010;
17,19,208,-56,17,-5,-20,87,1017;
14,20,197,-53,17,-7,-20,87,1015;
13,22,209,-53,18,-9,-24,90,1011;
13,23,212,-51,17,-8,-23,91,1009;
14,24,210,-53,17,-10,-18,89,1010;
14,19,209,-52,15,-10,-22,93,1009;
13,21,209,-53,13,-10,-15,92,1008;
13,20,210,-52,11,-11,-23,87,1015;
15,23,209,-53,10,-13,-19,91,1013;
13,21,210,-54,7,-12,-18,91,1015;
16,24,208,-53,7,-13,-25,88,1006;
16,23,210,-55,7,-12,-22,93,1016;
22,24,203,-54,8,-11,-20,89,1012;
16,20,211,-54,10,-10,-21,90,1013;
15,22,212,-56,11,-9,-13,91,1010;
14,21,210,-54,12,-9,-19,85,1013;
18,21,210,-53,14,-8,-16,84,1013;
17,20,207,-51,14,-8,-15,89,1011;
15,21,207,-49,14,-9,-13,88,1007;
18,22,209,-46,14,-9,-13,87,1008;
16,22,208,-45,12,-7,-16,89,1009;
15,23,207,-46,12,-6,-17,84,1015;
13,25,211,-46,13,-6,-20,91,1015;
18,23,208,-45,11,-5,-15,91,1009;
17,22,209,-45,9,-5,-17,92,1010;
15,22,209,-46,10,-5,-18,90,1011;
15,24,212,-48,8,-3,-20,94,1010;
13,22,206,-50,9,-4,-20,95,1012;
14,23,205,-53,7,-2,-21,95,1017;
14,22,210,-56,6,-2,-16,92,1015;
15,21,208,-56,7,0,-13,90,1012;
15,23,210,-56,8,2,-14,90,1018;
17,21,208,-57,7,3,-16,87,1013;
15,24,207,-57,7,1,-18,91,1019;
14,18,214,-55,7,0,-17,89,1017;
18,21,211,-52,6,-1,-9,90,1018;
17,21,209,-50,5,0,-13,92,1017;
17,22,210,-48,5,-1,-13,92,1016;
19,21,211,-48,5,-1,-5,92,1016;
19,26,208,-47,4,-1,-12,92,1018;
18,21,210,-45,6,-1,-9,87,1019;
19,21,205,-44,5,-2,-5,93,1014;
22,23,216,-43,6,-3,-6,91,1018;
19,20,207,-43,7,-4,-6,88,1018;
16,21,220,-45,7,-5,-2,91,1021;
16,23,213,-45,7,-6,-3,90,1021;
19,19,210,-47,8,-5,-4,86,1024;
19,22,209,-45,10,-5,1,81,1025;
17,19,211,-46,11,-8,-2,79,1019;
17,20,210,-41,11,-7,-2,83,1017;
19,20,213,-39,12,-5,-6,84,1013;
19,23,207,-36,12,-5,-4,92,1007;
14,21,210,-36,12,-5,-5,90,1004;
18,16,205,-37,12,-7,-13,86,1004;
15,20,209,-35,10,-7,-8,94,1013;
15,24,205,-34,8,-6,-10,89,1012;
12,24,209,-32,8,-7,-4,90,1005;
17,21,210,-31,5,-5,-15,97,1008;
16,26,208,-28,5,-6,-17,98,1012;
15,24,206,-31,4,-7,-7,96,1010;
16,22,209,-30,5,-9,-10,94,1012;
15,24,209,-33,6,-9,-18,97,1014;
16,22,207,-33,6,-11,-13,96,1011;
17,23,208,-35,7,-11,-6,93,1013;
17,27,209,-37,7,-12,-6,93,1015;
17,23,208,-37,8,-10,-6,91,1015;
15,22,212,-38,9,-11,-12,97,1017;
17,21,211,-40,10,-8,-11,96,1013;
18,24,211,-39,7,-7,-6,94,1015;
17,22,213,-40,8,-9,-3,94,1017;
16,25,215,-43,10,-10,-11,92,1017;
17,26,211,-45,12,-10,-10,92,1018;
17,22,211,-46,15,-9,-10,94,1021;
16,20,212,-48,16,-8,-10,92,1016;
17,19,208,-46,18,-7,-7,93,1017;
17,21,213,-46,17,-7,-13,92,1017;
14,23,205,-44,19,-6,-11,92,1011;
19,17,212,-45,21,-5,-10,92,1009;
15,22,212,-46,24,-3,-10,84,1012;
17,23,208,-46,23,-2,-7,90,1006;
16,18,213,-48,23,-1,-9,88,1011;
21,21,209,-50,25,0,-5,90,1011;
17,21,210,-51,28,0,-4,92,1010;
16,21,210,-52,30,-1,-12,86,1016;
16,21,212,-48,24,1,-15,84,1017;
18,20,210,-46,23,0,-5,88,1003;
18,20,211,-45,27,1,-12,89,1006;
20,21,210,-48,27,0,-7,84,1016;
17,22,205,-47,27,1,-10,86,1013;
16,20,211,-45,23,4,-10,85,1013;
19,21,204,-43,25,4,-2,88,1004;
16,22,209,-48,34,4,-7,94,1017;
20,19,213,-48,35,4,-11,85,1017;
16,24,209,-41,32,1,-9,89,1014;
17,25,208,-40,33,0,-11,91,1015;
18,20,207,-41,33,3,-9,90,1011;
16,26,213,-45,33,0,-2,92,1018;
18,24,213,-44,35,-4,-11,93,1010;
20,18,209,-43,35,-3,-2,91,1011;
22,21,208,-41,35,-5,-8,90,1009;
17,23,211,-42,37,-9,-8,93,1013;
14,23,208,-42,38,-10,-7,92,1012;
19,23,208,-42,40,-11,-6,91,1009;
21,22,207,-44,43,-13,-3,89,1019;
18,22,209,-43,41,-12,-10,91,1014;
20,22,208,-44,42,-15,-6,89,1014;
16,22,207,-43,44,-17,-8,93,1010;
20,22,211,-44,44,-15,-7,91,1015;
17,22,210,-42,43,-16,-3,90,1011;
14,26,211,-42,46,-14,-7,82,1017;
13,23,204,-41,47,-15,-9,96,1014;
18,22,207,-41,48,-16,-5,94,1009;
16,25,210,-43,50,-14,-14,94,1011;
16,25,211,-43,51,-15,-13,93,1013;
15,24,211,-41,52,-13,-11,92,1013;
16,24,210,-40,49,-14,-14,91,1018;
13,22,211,-38,48,-14,-11,93,1013;
11,24,210,-36,46,-13,-20,98,1020;
14,25,213,-35,46,-15,-22,93,1015;
13,23,211,-34,46,-15,-22,95,1014;
12,22,209,-31,46,-14,-26,95,1010;
12,25,211,-30,45,-13,-25,102,1015;
17,23,211,-28,36,-11,-19,96,1009;
14,26,211,-25,37,-12,-19,98,1010;
15,25,208,-28,41,-14,-21,96,1013;
19,26,204,-34,42,-14,-14,89,1008;
20,24,208,-51,55,-17,-7,108, 996;
11,20,212,-64,74,-20,-28,94,1028;
19,18,212,-56,64,-18,-21,86,1019;
13,22,211,-49,61,-18,-25,89,1025;
14,23,215,-40,54,-17,-29,93,1025;
15,22,219,-40,43,-15,-24,95,1023;
10,26,208,-42,41,-16,-25,96,1021;
16,25,210,-45,42,-15,-28,92,1016;
12,22,211,-49,44,-15,-29,90,1021;
13,20,210,-50,43,-13,-31,94,1024;
14,22,209,-47,38,-11,-23,89,1023;
14,19,211,-47,38,-11,-23,93,1017;
15,23,216,-48,36,-9,-29,90,1020;
16,24,212,-48,34,-9,-28,93,1015;
14,27,209,-50,33,-7,-27,92,1020;
16,25,204,-52,32,-8,-28,94,1007;
11,16,213,-60,41,-10,-26,92,1009;
11,24,213,-58,39,-8,-31,89,1024;
14,16,209,-50,29,-5,-32,86,1019;
14,21,208,-44,29,-7,-13,80,1007;
12,25,210,-42,33,-6,-28,94,1008;
14,24,209,-43,33,-5,-27,94,1012;
13,23,206,-45,29,-3,-31,91,1016;
12,24,209,-48,29,-4,-25,93,1011;
13,22,208,-51,28,-3,-26,88,1018;
13,21,211,-51,26,-3,-27,93,1018;
12,23,210,-51,22,-1,-29,92,1020;
11,21,207,-50,22,-3,-26,89,1008;
12,22,209,-51,25,-1,-25,89,1013;
12,23,211,-52,26,-1,-25,87,1016;
13,20,207,-49,20,0,-29,82,1012;
13,25,207,-46,20,-2,-20,93,1012;
11,20,209,-46,21,-3,-23,89,1018;
13,23,210,-45,18,-3,-26,89,1017;
14,24,207,-44,17,-1,-25,91,1014;
14,18,210,-43,16,-4,-25,93,1016;
13,23,208,-42,13,-2,-30,96,1013;
13,21,214,-41,12,-2,-25,94,1019;
7,22,206,-44,10,-3,-24,92,1009;
13,20,212,-46,11,-3,-24,98,1013;
12,25,211,-47,12,-2,-24,92,1011;
14,22,215,-50,13,-3,-21,91,1016;
16,22,215,-46,12,-3,-23,88,1022;
13,22,211,-44,8,-3,-24,89,1012;
15,22,208,-43,8,-3,-19,83,1014;
12,23,211,-44,6,-3,-16,90,1012;
13,24,206,-43,8,-1,-20,93,1008;
13,21,212,-43,9,-2,-21,92,1013;
15,28,212,-44,10,-1,-20,95,1012;
18,26,204,-47,8,-3,-18,87,1012;
15,25,212,-50,9,-2,-22,95,1009;
14,25,212,-50,9,-1,-20,96,1020;
14,24,209,-51,5,-2,-24,96,1018;
13,24,212,-51,4,-1,-23,96,1016;
16,23,210,-54,3,-2,-28,97,1019;
14,22,210,-54,2,-1,-22,92,1020;
16,21,212,-54,2,-2,-24,94,1018;
13,23,208,-50,1,-1,-24,94,1017;
13,23,209,-49,0,-1,-25,96,1021;
16,24,214,-49,3,0,-24,94,1013;
17,19,215,-50,6,0,-26,88,1016;
11,24,208,-51,3,2,-29,91,1007;
18,21,208,-53,4,8,-16,82,1017;
13,23,209,-49,7,3,-18,88,1013;
14,21,209,-45,11,1,-19,86,1010;
17,18,206,-45,12,0,-16,83,1014;
15,22,208,-50,15,-2,-12,90,1013;
15,18,215,-56,21,-2,-17,86,1026;
16,18,213,-51,19,-3,-20,78,1022;
15,17,212,-46,19,-3,-21,78,1020;
15,20,211,-44,18,-4,-18,77,1017;
18,10,215,-40,19,-6,-23,75,1012;
14,19,207,-34,18,-5,-18,88,1013;
14,20,207,-32,17,-6,-16,82,1008;
18,22,208,-32,18,-6,-16,85,1009;
12,22,209,-34,19,-7,-14,85,1008;
17,21,206,-32,20,-6,-24,80,1010;
16,20,211,-32,21,-8,-23,83,1009;
14,24,211,-28,20,-8,-17,91,1014;
18,22,208,-24,19,-8,-14,90,1006;
15,21,208,-23,23,-8,-15,85,1013;
15,22,211,-21,24,-9,-18,88,1007;
16,26,208,-17,25,-10,-11,100,1005;
14,21,207,-20,30,-13,-18,95,1009;
16,25,207,-16,29,-12,-16,94,1010;
15,24,210,-17,27,-11,-18,97,1010;
14,23,209,-19,30,-10,-17,103,1013;
15,21,209,-19,23,-7,-20,104,1009;
17,24,211,-18,22,-2,-8,99,1016;
17,25,208,-18,29,-7,-13,98,1017;
17,21,209,-21,34,-7,-19,101,1012;
16,26,214,-25,33,-5,-4,103,1020;
17,25,208,-23,32,-6,-22,100,1017;
13,31,207,-32,37,-3,-32,93,1006;
6,21,212,-60,44,1,-35,90,1020;
16,24,213,-53,37,2,-10,99,1037;
16,25,210,-16,31,5,3,100,1014;
17,25,203,-5,30,4,-26,105,1004;
16,29,211,-14,33,8,-7,109,1017;
17,26,208,-15,31,5,-7,104,1015;
14,29,215,-21,34,-4,-23,108,1021;
10,31,213,-22,36,-5,-26,106,1015;
14,25,213,-33,29,-3,-26,103,1016;
12,24,205,-43,27,-4,-28,98,1011;
10,25,210,-52,27,-7,-24,101,1017;
8,23,208,-48,28,-8,-28,92,1019;
15,22,212,-43,24,-6,-30,95,1012;
12,22,209,-44,24,-8,-30,90,1012;
14,22,209,-40,25,-5,-25,94,1017;
13,26,209,-34,22,-2,-22,92,1011;
13,22,205,-36,20,-2,-29,92,1010;
17,25,209,-41,20,-2,-25,94,1009;
13,22,214,-40,18,-2,-20,94,1016;
15,20,212,-36,15,-1,-27,91,1014;
14,23,212,-34,14,0,-28,93,1008;
10,25,212,-38,17,1,-31,84,1012;
15,19,210,-42,20,-1,-21,86,1012;
15,22,213,-37,22,-4,-18,92,1018;
13,23,212,-30,20,-3,-24,96,1018;
11,23,209,-25,15,0,-30,94,1008;
11,22,205,-28,16,7,-36,91,1004;
15,21,207,-33,17,7,-16,88,1020;
12,28,211,-26,15,4,-22,98,1015;
13,23,207,-24,15,6,-26,87,1007;
12,20,208,-32,19,7,-35,93,1018;
13,14,215,-33,19,11,-29,90,1001;
16,23,212,-37,22,8,-21,101,1023;
15,23,212,-24,21,8,-16,105,1020;
19,24,211,-15,15,10,-8,106,1019;
17,27,208,-17,17,3,-25,98,1013;
15,26,211,-30,20,2,-19,104,1017;
14,26,211,-38,20,1,-24,104,1019;
13,26,214,-45,17,2,-22,95,1021;
15,25,211,-47,14,-1,-19,100,1016;
15,21,216,-49,13,0,-24,94,1011;
18,22,210,-51,14,-2,-21,97,1016;
19,23,204,-48,13,-2,-22,90,1015;
12,23,209,-48,11,-1,-22,90,1015;
12,25,209,-44,9,-4,-27,94,1013;
15,22,211,-41,10,-2,-21,97,1011;
16,22,206,-42,10,-3,-19,92,1013;
12,23,206,-40,13,0,-16,94,1014;
14,23,213,-38,14,-1,-24,96,1007;
15,24,213,-37,13,-1,-21,93,1013;
17,21,207,-35,12,-3,-21,97,1017;
16,25,209,-32,10,-3,-18,96,1016;
15,27,204,-33,12,-3,-18,98,1009;
12,20,205,-30,13,-3,-19,96,1014;
17,22,208,-30,14,-2,-19,97,1012;
13,28,212,-29,18,-3,-21,99,1015;
12,27,209,-31,20,-3,-19,96,1017;
15,23,212,-30,19,-3,-18,102,1016;
15,25,206,-33,21,-4,-27,96,1012;
16,26,214,-32,22,-3,-25,96,1010;
15,24,213,-33,24,-3,-19,103,1015;
16,24,209,-31,24,-2,-17,101,1019;
12,28,205,-32,23,-1,-23,101,1027;
12,27,212,-35,22,-1,-22,99,1012;
19,21,212,-34,23,-3,-20,104,1010;
17,22,209,-35,24,-4,-18,98,1005;
15,23,207,-39,31,-5,-23,104,1015;
12,27,209,-39,33,-5,-23,98,1014;
10,28,210,-37,31,-6,-22,100,1018;
14,26,208,-37,28,-6,-22,101,1015;
13,26,213,-39,26,-5,-24,95,1014;
16,27,213,-42,26,-7,-18,100,1012;
13,25,213,-46,24,-9,-23,102,1013;
17,21,211,-43,22,-10,-22,102,1011;
15,25,210,-42,25,-9,-20,102,1010;
15,26,219,-43,25,-9,-22,98,1013;
15,23,210,-45,25,-10,-19,96,1014;
16,24,210,-46,23,-9,-20,99,1014;
16,25,214,-47,27,-11,-18,108,1024;
9,20,208,-51,26,-11,-34,85,1007;
12,22,212,-54,31,-12,-32,91,1015;
14,23,212,-40,24,-8,-21,96,1021;
16,29,211,-19,10,-3,-8,104,1013;
13,26,212,-11,11,-4,-25,108,1015;
14,27,214,-16,14,-4,-16,104,1020;
15,26,210,-25,16,-4,-25,106,1016;
14,25,216,-33,17,-7,-16,102,1018;
14,27,211,-40,19,-9,-26,103,1016;
15,24,212,-47,22,-9,-21,103,1018;
11,23,208,-50,23,-9,-28,99,1013;
10,25,213,-49,24,-8,-27,100,1023;
12,25,205,-45,22,-7,-27,94,1012;
12,27,206,-43,21,-7,-25,97,1013;
14,23,213,-42,21,-6,-25,101,1014;
15,22,208,-41,22,-6,-25,100,1008;
15,21,210,-42,21,-4,-21,102,1013;
10,26,210,-45,23,-5,-33,103,1010;
17,24,208,-43,24,-4,-30,99,1011;
10,28,208,-44,22,-4,-32,103,1015;
10,27,211,-45,20,-4,-29,101,1012;
12,25,212,-46,19,-3,-27,105,1014;
12,27,212,-45,17,-3,-25,99,1010;
11,25,208,-50,17,-4,-28,103,1017;
16,22,209,-51,17,-3,-29,100,1016;
12,18,206,-50,16,-3,-27,94,1016;
14,24,211,-50,17,-4,-27,96,1016;
15,21,206,-49,18,-3,-22,96,1011;
13,27,204,-48,19,-2,-19,93,1012;
20,25,205,-43,19,-3,-23,96,1008;
16,22,208,-40,21,-3,-27,98,1009;
11,24,209,-37,21,-3,-25,94,1006;
12,26,207,-37,20,-2,-23,104,1010;
14,24,210,-34,21,-4,-21,102,1012;
12,26,206,-32,22,-4,-29,103,1012;
15,22,207,-35,22,-5,-16,95,1009;
14,22,214,-35,27,-8,-23,96,1022;
13,19,215,-34,28,-6,-22,100,1021;
12,21,211,-33,27,-8,-20,94,1015;
18,25,211,-36,27,-9,-20,95,1018;
13,23,210,-38,28,-10,-27,95,1022;
14,23,213,-37,29,-10,-22,92,1014;
12,23,210,-35,28,-11,-27,92,1017;
13,21,210,-32,26,-9,-31,94,1013;
13,23,207,-33,24,-10,-23,95,1014;
12,25,211,-34,25,-11,-31,100,1012;
11,24,210,-33,24,-9,-27,99,1008;
14,23,211,-29,23,-9,-31,93,1009;
13,21,209,-28,22,-7,-27,100,1005;
14,27,211,-26,23,-8,-31,100,1010;
12,25,210,-25,24,-9,-31,101,1007;
14,23,198,-22,22,-8,-28,104,1007;
12,26,208,-21,23,-8,-31,113,1009;
11,29,209,-21,23,-7,-29,109,1006;
15,25,206,-24,24,-6,-30,109,1008;
12,25,210,-25,25,-5,-25,103,1019;
11,30,215,-21,17,-6,-24,108,1007;
12,24,207,-18,18,-5,-21,107,1009;
11,30,209,-21,24,-4,-32,108,1011;
14,25,207,-28,26,-6,-30,105,1010;
13,23,211,-40,31,-13,-28,99,1011;
7,25,209,-46,36,-18,-41,98,1012;
3,19,209,-55,37,-15,-63,86,1010;
18,25,215,-66,35,0,-8,103,1034;
16,23,215,-25,23,3,-13,97,1018;
17,30,212,6,14,6,-7,116,1019;
15,29,210,16,13,1,-20,111,1005;
15,29,208,0,21,-5,-15,125,1021;
12,33,212,-12,25,-11,-33,122,1020;
14,29,208,-21,22,-8,-25,118,1019;
15,31,214,-33,17,-6,-20,113,1017;
15,29,211,-45,15,-3,-21,111,1009;
17,26,206,-48,14,-1,-15,105,1020;
13,27,206,-43,10,-2,-23,107,1011;
14,26,209,-43,11,-2,-19,105,1017;
15,28,208,-45,11,-4,-22,104,1012;
14,25,208,-46,12,-5,-23,104,1015;
13,28,208,-47,13,-6,-23,99,1017;
16,25,214,-45,12,-7,-22,105,1016;
14,26,210,-45,11,-8,-32,102,1013;
9,27,207,-42,11,-8,-29,104,1009;
13,24,213,-43,14,-7,-22,104,1016;
10,24,211,-45,13,-7,-25,101,1013;
12,16,211,-43,13,-8,-26,100,1014;
11,27,208,-42,12,-7,-28,97,1011;
11,25,212,-42,13,-6,-29,102,1014;
11,25,211,-40,12,-6,-27,101,1011;
10,26,210,-39,11,-5,-29,100,1014;
12,22,205,-40,11,-4,-30,95,1015;
11,24,208,-37,10,-5,-32,102,1009;
15,23,208,-38,11,-4,-29,100,1010;
14,26,208,-37,10,-5,-28,100,1016;
11,24,213,-38,13,-5,-29,100,1013;
14,23,210,-39,15,-5,-28,103,1016;
11,20,216,-39,17,-4,-25,101,1017;
12,27,207,-40,17,-5,-30,101,1010;
14,23,212,-39,18,-4,-28,99,1017;
13,26,210,-39,17,-4,-25,96,1016;
13,22,214,-40,18,-4,-23,101,1011;
11,25,211,-39,19,-4,-31,102,1015;
13,22,211,-39,18,-5,-26,101,1016;
12,23,208,-39,18,-3,-31,100,1016;
14,25,211,-39,18,-3,-27,99,1007;
11,25,208,-39,17,-3,-28,98,1014;
14,23,212,-38,16,-3,-22,101,1015;
18,29,217,-40,16,-1,-23,101,1014;
16,22,209,-40,18,0,-30,96,1013;
14,26,208,-41,18,-2,-24,96,1009;
15,24,209,-42,18,-2,-23,99,1012;
15,22,208,-42,17,-1,-21,97,1012;
12,25,207,-39,16,-2,-22,96,1012;
16,25,210,-36,16,-2,-22,97,1018;
15,26,208,-32,16,-3,-19,99,1010;
14,22,207,-32,16,-3,-19,101,1010;
16,22,209,-31,18,-5,-25,101,1010;
15,24,206,-29,17,-5,-18,103,1012;
12,29,215,-29,17,-6,-20,103,1011;
17,24,210,-29,16,-6,-18,105,1013;
17,25,210,-29,18,-7,-20,101,1015;
15,27,211,-30,20,-7,-21,105,1014;
14,25,211,-30,21,-7,-21,109,1012;
12,27,211,-26,20,-7,-22,105,1011;
12,31,208,-27,21,-7,-28,111,1011;
12,26,206,-31,21,-8,-23,104,1012;
14,27,211,-33,21,-9,-28,108,1013;
14,29,209,-34,20,-11,-32,107,1014;
13,25,211,-33,22,-14,-25,110,1015;
15,30,208,-32,19,-10,-26,111,1015;
13,27,212,-28,16,-8,-30,109,1013;
12,29,210,-26,13,-8,-28,110,1011;
12,27,210,-28,13,-7,-30,111,1007;
11,26,208,-33,12,-6,-27,109,1008;
11,27,210,-36,14,-6,-30,112,1012;
12,27,206,-38,11,-6,-29,111,1012;
9,25,205,-39,11,-5,-27,108,1013;
13,27,210,-39,9,-4,-30,106,1015;
13,24,210,-40,8,-6,-22,107,1012;
17,27,209,-39,9,-6,-29,105,1010;
13,19,211,-38,9,-7,-31,108,1012;
14,26,209,-35,7,-4,-26,103,1008;
15,25,210,-30,4,-4,-26,103,1012;
15,26,211,-28,9,-4,-26,101,1011;
13,27,206,-29,11,-5,-25,109,1009;
13,26,210,-33,15,-7,-24,107,1011;
15,28,210,-35,17,-8,-31,103,1015;
12,25,208,-38,17,-6,-24,105,1012;
14,29,208,-38,16,-7,-30,105,1015;
10,31,208,-36,17,-7,-29,107,1015;
14,25,214,-36,16,-6,-26,110,1012;
12,27,210,-37,17,-4,-27,108,1012;
13,22,209,-36,14,-3,-29,107,1012;
14,26,209,-36,16,-5,-21,112,1013;
12,29,207,-39,20,-7,-27,105,1011;
14,29,212,-43,22,-7,-29,111,1017;
15,26,210,-44,21,-6,-25,108,1012;
15,24,213,-45,22,-6,-29,110,1013;
16,29,210,-44,21,-5,-25,108,1016;
13,29,210,-44,20,-5,-29,107,1012;
13,28,209,-42,21,-5,-24,113,1016;
9,26,210,-43,19,-5,-23,110,1012;
13,27,208,-46,18,-4,-28,112,1012;
11,26,208,-45,18,-5,-28,106,1013;
13,27,209,-45,17,-4,-23,111,1012;
14,28,210,-45,17,-3,-24,110,1014;
13,26,210,-44,15,-3,-21,108,1018;
13,28,212,-44,13,-3,-23,108,1014;
14,28,210,-46,12,-3,-25,107,1015;
16,23,205,-46,12,-4,-21,105,1018;
10,21,211,-49,6,2,-47,89,1008;
16,25,212,-56,12,4,-21,114,1020;
12,25,204,-35,12,-5,-19,106,1012;
12,26,206,-27,13,-6,-39,103,1007;
16,27,209,-32,11,-2,-10,111,1015;
16,29,206,-28,10,-4,-15,117,1016;
11,32,209,-26,13,-5,-22,119,1012;
14,28,208,-32,13,-7,-18,117,1010;
13,34,212,-40,14,-6,-23,116,1024;
18,27,208,-43,13,-4,-16,108,1023;
18,29,210,-43,10,-5,-17,110,1019;
15,23,211,-46,13,-6,-23,105,1020;
15,27,213,-54,16,-7,-23,101,1022;
17,22,208,-55,18,-9,-24,101,1023;
13,24,214,-55,19,-9,-27,100,1020;
15,22,207,-50,18,-7,-24,97,1010;
14,24,205,-47,18,-8,-22,100,1010;
13,24,206,-45,18,-7,-27,102,1014;
13,30,209,-43,19,-7,-32,106,1007;
13,24,208,-41,20,-7,-22,105,1011;
18,27,210,-38,21,-6,-25,103,1010;
13,25,210,-35,21,-5,-25,107,1007;
12,25,205,-32,21,-5,-26,107,1011;
11,31,213,-30,20,-6,-30,109,1011;
20,22,207,-30,20,-6,-28,113,1012;
15,26,206,-30,19,-5,-25,112,1009;
14,29,208,-30,19,-6,-27,115,1011;
15,28,207,-30,19,-7,-20,110,1009;
14,30,209,-31,16,-6,-21,115,1011;
14,26,210,-34,17,-5,-26,111,1014;
15,27,209,-36,16,-7,-23,110,1013;
13,29,207,-37,17,-6,-29,113,1017;
15,30,212,-39,18,-7,-28,111,1012;
15,27,211,-39,18,-6,-23,110,1017;
13,28,210,-41,18,-5,-29,114,1014;
15,28,211,-43,19,-4,-23,109,1016;
11,26,207,-42,20,-4,-23,111,1014;
12,29,206,-43,22,-5,-21,110,1012;
11,29,212,-46,22,-5,-27,112,1012;
12,29,208,-47,23,-4,-28,108,1015;
14,25,211,-48,25,-6,-29,107,1011;
13,26,212,-51,28,-10,-25,112,1008;
15,27,213,-46,30,-9,-25,110,1014;
11,26,211,-42,29,-6,-28,108,1014;
15,27,210,-41,29,-4,-25,109,1009;
6,29,206,-41,29,-3,-25,105,1011;
14,24,208,-43,28,-4,-26,108,1016;
15,25,207,-43,29,-3,-24,107,1016;
13,26,207,-45,30,-4,-27,105,1014;
12,27,212,-44,31,-4,-27,106,1015;
15,23,211,-45,33,-3,-24,114,1013;
14,27,209,-44,32,-2,-22,108,1007;
11,28,209,-46,34,-1,-25,107,1011;
15,25,202,-46,33,-2,-27,112,1014;
16,25,212,-49,34,-3,-20,106,1016;
13,28,207,-50,32,-3,-20,105,1011;
14,26,213,-49,32,-2,-27,108,1014;
10,26,206,-48,31,-2,-23,105,1011;
14,25,211,-46,29,-3,-19,113,1010;
10,30,211,-44,26,-3,-23,103,1014;
13,26,213,-44,25,-3,-25,107,1014;
12,26,211,-45,23,-5,-22,105,1012;
15,28,208,-43,22,-4,-24,109,1013;
11,26,208,-42,21,-5,-30,108,1017;
11,29,213,-42,18,-4,-29,114,1019;
14,31,212,-41,19,-5,-28,107,1018;
13,29,209,-43,18,-5,-29,107,1015;
12,29,210,-46,18,-6,-30,110,1014;
11,25,214,-48,17,-6,-28,106,1017;
12,26,210,-48,16,-6,-31,105,1017;
13,26,213,-44,14,-7,-32,109,1017;
13,27,207,-45,12,-6,-29,109,1015;
11,30,209,-44,11,-5,-30,108,1013;
13,25,210,-45,12,-6,-25,109,1013;
13,31,209,-47,12,-6,-22,110,1008;
10,29,206,-49,11,-4,-24,113,1009;
13,30,211,-51,12,-3,-24,110,1016;
13,25,205,-54,12,-2,-24,107,1017;
12,27,210,-54,12,-2,-31,109,1015;
15,21,214,-57,11,-1,-29,106,1009;
14,28,211,-56,14,-1,-28,107,1012;
13,26,207,-56,13,-2,-21,103,1009;
12,28,207,-58,14,-2,-25,98,1007;
15,27,206,-58,14,-3,-25,107,1012;
15,25,211,-56,15,-2,-23,109,1011;
15,27,208,-56,17,-4,-29,107,1012;
15,24,204,-54,17,-4,-32,105,1013;
14,22,210,-54,19,-5,-28,107,1010;
14,28,203,-57,20,-6,-32,105,1007;
8,20,209,-58,21,-4,-27,110,1008;
14,27,210,-58,21,-5,-27,105,1013;
15,25,208,-56,22,-5,-24,104,1014;
14,25,209,-56,24,-4,-26,108,1015;
13,25,207,-55,25,-3,-17,103,1013;
12,24,211,-52,27,-2,-23,104,1017;
12,25,209,-51,29,-2,-27,106,1015;
13,24,203,-50,29,-1,-27,106,1018;
13,24,207,-47,30,-2,-24,103,1016;
14,27,214,-46,30,-1,-27,101,1015;
12,27,209,-45,32,-1,-23,105,1012;
13,21,213,-46,33,-2,-27,105,1017;
15,27,208,-47,34,0,-23,107,1015;
11,26,209,-47,35,-2,-25,114,1014;
12,29,211,-48,34,-2,-24,111,1012;
11,28,212,-51,33,-2,-26,109,1014;
12,29,207,-53,33,-3,-23,109,1014;
12,27,211,-53,32,-2,-21,111,1015;
16,25,209,-56,32,-2,-28,106,1014;
9,31,208,-60,31,-2,-31,108,1009;
12,26,208,-60,29,-1,-29,108,1014;
11,28,207,-60,29,1,-30,108,1015;
12,27,210,-61,26,1,-31,110,1016;
13,27,210,-62,25,1,-32,107,1012;
12,29,211,-62,22,2,-34,111,1019;
13,25,211,-60,18,2,-32,106,1012;
9,28,207,-59,17,2,-33,101,1009;
13,27,210,-58,16,3,-31,102,1015;
10,26,207,-55,15,2,-30,103,1013;
13,25,211,-53,13,3,-31,103,1018;
13,24,210,-54,13,2,-30,109,1020;
12,27,210,-54,14,0,-29,102,1020;
15,23,210,-56,15,1,-31,101,1014;
16,30,203,-53,16,1,-33,101,1014;
14,25,210,-54,17,-1,-26,105,1011;
14,26,209,-53,15,-1,-30,106,1016;
12,25,210,-54,15,-2,-22,104,1008;
13,26,213,-54,16,-2,-26,104,1013;
9,27,209,-54,15,-2,-28,104,1015;
12,29,209,-56,15,-4,-27,104,1014;
13,23,209,-56,16,-2,-29,106,1010;
15,28,208,-57,16,-3,-20,106,1011;
13,25,208,-58,15,-3,-28,103,1014;
13,26,210,-59,16,-4,-26,110,1008;
16,26,203,-58,17,-3,-28,103,1011;
13,23,208,-58,18,-3,-24,103,1012;
14,25,207,-57,20,-3,-31,104,1010;
15,27,208,-58,20,-4,-23,104,1015;
16,23,209,-57,20,-3,-27,104,1019;
13,25,210,-57,20,-3,-21,104,1015;
14,27,209,-57,21,-2,-33,109,1020;
13,27,211,-58,21,-2,-28,100,1014;
15,23,211,-57,20,-3,-32,105,1015;
13,25,210,-56,20,-2,-32,105,1020;
12,24,207,-57,18,-3,-27,102,1018;
12,32,220,-56,18,-2,-30,109,1014;
13,27,212,-56,17,-3,-31,103,1011;
12,26,213,-56,17,-3,-28,104,1014;
13,25,209,-57,18,-3,-31,111,1013;
10,29,210,-57,19,-3,-29,104,1010;
14,27,211,-58,20,-2,-30,109,1016;
13,25,210,-60,21,-3,-27,104,1013;
15,28,211,-62,22,-3,-29,102,1012;
9,27,208,-65,24,-3,-32,102,1015;
13,27,208,-65,25,-4,-31,106,1016;
16,23,211,-67,27,-4,-28,95,1014;
11,24,208,-65,30,-3,-29,96,1018;
12,23,215,-66,31,-5,-31,94,1016;
13,24,212,-62,33,-4,-29,97,1016;
12,22,210,-61,33,-4,-30,95,1013;
12,27,204,-57,34,-3,-33,98,1013;
14,24,209,-54,33,-2,-32,96,1011;
12,26,208,-52,32,0,-28,104,1007;
14,26,212,-54,31,-1,-30,101,1010;
15,21,205,-54,29,1,-32,102,1006;
10,23,207,-53,27,0,-31,103,1015;
12,26,208,-50,24,-1,-33,97,1009;
7,27,213,-46,20,0,-34,104,1014;
11,25,207,-42,19,0,-33,101,1013;
12,26,208,-41,19,-1,-25,105,1012;
12,29,210,-36,18,-1,-31,105,1012;
12,27,209,-35,20,-2,-25,108,1007;
9,26,210,-33,20,-4,-23,109,1007;
11,28,208,-34,19,-5,-29,110,1011;
9,25,209,-34,20,-5,-28,113,1009;
15,28,212,-37,21,-5,-28,110,1013;
15,25,212,-40,21,-6,-30,106,1011;
10,26,212,-44,19,-5,-28,107,1018;
11,19,207,-44,16,-4,-26,106,1015;
13,27,210,-47,15,-3,-30,106,1014;
15,25,211,-48,13,-5,-33,100,1018;
13,26,208,-49,11,-6,-30,103,1016;
11,25,209,-50,11,-3,-26,102,1014;
15,25,210,-52,10,-3,-32,107,1015;
12,24,211,-54,9,-3,-31,103,1013;
10,22,207,-54,9,-3,-29,105,1008;
9,29,206,-55,10,-5,-30,100,1013;
12,27,210,-55,11,-5,-30,97,1011;
14,23,207,-54,13,-6,-30,101,1010;
14,24,212,-49,14,-6,-27,101,1009;
10,24,214,-49,15,-7,-26,99,1013;
11,27,208,-48,15,-7,-26,97,1008;
13,24,208,-48,17,-7,-28,99,1012;
13,25,208,-46,18,-8,-28,98,1010;
13,26,206,-46,19,-8,-28,105,1012;
14,26,210,-46,18,-8,-30,102,1014;
13,22,208,-46,19,-8,-33,101,1008;
10,29,208,-47,19,-7,-26,103,1013;
17,23,213,-45,18,-7,-34,98,1010;
12,23,208,-45,18,-7,-28,106,1014;
12,26,206,-45,17,-7,-27,100,1011;
12,25,207,-47,17,-6,-29,103,1012;
12,25,212,-48,17,-5,-30,100,1014;
11,25,209,-48,16,-5,-30,102,1012;
12,24,207,-46,16,-4,-28,101,1008;
13,25,212,-45,15,-4,-30,97,1003;
14,24,213,-44,15,-4,-29,102,1013;
12,24,208,-44,15,-5,-31,102,1012;
9,28,207,-44,16,-5,-28,103,1010;
13,24,208,-44,17,-5,-30,101,1009;
9,29,209,-44,16,-6,-29,102,1011;
12,21,213,-44,18,-7,-28,102,1017;
12,26,207,-44,18,-7,-24,97,1013;
11,27,215,-42,19,-6,-30,102,1011;
12,24,211,-41,18,-6,-28,102,1013;
10,25,209,-38,18,-7,-26,103,1011;
14,25,210,-39,17,-6,-32,102,1011;
13,29,208,-40,16,-7,-26,107,1015;
10,24,209,-42,17,-5,-27,104,1014;
9,25,208,-42,16,-6,-28,102,1011;
15,24,208,-42,14,-7,-29,104,1014;
22,30,212,-43,15,-6,-29,107,1010;
12,27,213,-44,16,-4,-31,99,1012;
13,25,207,-44,15,-4,-28,103,1013;
13,24,210,-45,14,-4,-33,103,1016;
11,27,209,-43,15,-5,-25,103,1011;
13,26,208,-42,16,-7,-27,102,1013;
10,26,206,-40,17,-5,-32,102,1015;
14,27,208,-39,16,-6,-33,100,1014;
12,23,208,-40,17,-8,-28,103,1009;
8,24,210,-40,17,-6,-32,105,1008;
11,23,208,-40,16,-5,-33,106,1014;
14,27,218,-39,16,-6,-28,104,1011;
12,25,210,-40,16,-6,-28,104,1012;
14,26,210,-40,15,-6,-29,104,1013;
9,27,209,-39,15,-6,-33,104,1018;
12,24,203,-40,16,-6,-26,106,1014;
13,25,209,-41,15,-7,-31,103,1010;
12,25,209,-41,15,-5,-29,107,1018;
11,24,206,-40,15,-5,-33,103,1019;
16,21,207,-39,15,-6,-30,104,1013;
13,23,213,-42,15,-6,-29,101,1012;
14,23,210,-43,15,-5,-32,104,1015;
11,29,207,-43,16,-6,-29,104,1010;
14,22,209,-43,16,-7,-32,103,1014;
13,25,208,-43,16,-5,-35,100,1016;
12,24,208,-43,16,-6,-29,103,1014;
13,24,210,-43,16,-5,-29,104,1015;
12,25,211,-45,17,-7,-29,100,1011;
13,26,211,-45,17,-6,-30,106,1016;
12,27,204,-44,17,-6,-33,100,1012;
10,27,205,-44,18,-7,-31,98,1014;
11,23,205,-43,18,-6,-28,99,1011;
15,25,209,-44,16,-8,-25,98,1013;
9,25,207,-43,16,-6,-25,102,1019;
11,27,211,-43,16,-5,-30,101,1010;
17,24,210,-41,15,-6,-27,103,1011;
13,26,211,-42,14,-6,-32,104,1013;
12,27,210,-43,13,-5,-32,102,1011;
10,28,210,-41,14,-4,-28,104,1012;
12,22,209,-40,13,-5,-31,105,1014;
10,26,210,-42,14,-6,-27,102,1012;
13,26,211,-43,13,-7,-32,104,1014;
11,29,212,-42,13,-7,-30,102,1012;
9,26,205,-44,15,-6,-30,99,1013;
14,30,206,-43,14,-5,-29,108,1015;
13,27,212,-44,14,-7,-28,104,1011;
12,25,210,-46,13,-7,-31,104,1016;
11,26,208,-44,14,-6,-30,107,1014;
13,24,204,-46,14,-6,-26,101,1009;
12,25,208,-44,14,-5,-33,103,1010;
14,26,208,-45,14,-7,-26,103,1008;
15,24,209,-46,14,-6,-26,105,1014;
14,22,211,-45,15,-5,-27,99,1015;
16,25,211,-43,15,-5,-31,103,1017;
14,23,214,-42,15,-5,-27,103,1014;
14,24,207,-43,15,-5,-29,105,1013;
15,26,207,-43,15,-4,-31,105,1015;
13,27,211,-42,15,-5,-29,106,1013;
12,26,206,-43,16,-6,-29,106,1017;
13,25,209,-44,17,-5,-27,102,1012;
11,27,207,-46,17,-5,-29,108,1015;
12,27,210,-45,17,-5,-29,103,1017;
12,26,207,-46,18,-5,-28,103,1012;
15,25,210,-46,16,-4,-27,102,1018;
11,27,208,-49,15,-5,-30,107,1012;
11,28,208,-49,14,-5,-27,105,1010;
14,25,206,-50,14,-5,-24,102,1014;
12,25,205,-51,12,-5,-30,103,1013;
14,25,210,-51,10,-5,-29,101,1012;
11,26,209,-51,11,-6,-29,103,1013;
12,28,208,-51,11,-5,-29,102,1016;
10,25,213,-48,11,-5,-29,106,1014;
15,28,208,-46,11,-6,-29,103,1014;
15,24,209,-47,13,-6,-31,104,1014;
12,26,208,-44,12,-7,-27,105,1011;
15,25,207,-43,13,-5,-29,104,1013;
16,26,210,-44,14,-6,-28,105,1012;
14,27,206,-43,14,-6,-27,104,1016;
15,21,211,-46,16,-8,-29,105,1014;
12,24,211,-48,17,-9,-23,100,1010;
12,23,209,-48,18,-9,-22,100,1013;
14,22,211,-49,20,-9,-25,97,1011;
13,23,210,-49,22,-10,-27,96,1014;
14,24,212,-48,24,-10,-29,93,1021;
10,25,210,-48,27,-10,-28,94,1023;
13,24,208,-44,27,-11,-27,94,1016;
13,25,209,-40,27,-8,-26,103,1010;
11,18,203,-37,26,-6,-31,98,1008;
12,25,208,-36,23,-6,-32,106,1008;
14,27,209,-36,22,-5,-33,105,1007;
10,27,209,-37,21,-6,-29,103,1006;
12,25,206,-38,21,-7,-31,106,1009;
10,25,208,-37,20,-6,-32,104,1011;
12,27,212,-34,19,-4,-30,103,1010;
15,24,210,-33,18,-5,-28,103,1011;
13,27,209,-31,18,-3,-31,104,1015;
10,25,209,-32,19,-5,-29,106,1009;
16,26,206,-30,20,-5,-30,106,1011;
17,32,218,-29,19,-6,-23,106,1011;
11,26,207,-29,20,-6,-26,106,1009;
11,28,208,-31,20,-7,-29,105,1012;
13,27,210,-33,18,-7,-30,104,1013;
12,24,209,-33,17,-6,-26,107,1015;
12,26,210,-36,17,-7,-28,105,1017;
13,23,213,-36,16,-6,-30,105,1015;
10,27,209,-37,15,-5,-24,104,1016;
13,29,208,-37,13,-5,-32,110,1016;
14,28,207,-38,13,-6,-32,105,1013;
13,29,211,-39,13,-6,-30,107,1018;
15,20,216,-38,12,-7,-25,107,1014;
12,29,208,-39,13,-6,-30,102,1013;
13,25,214,-40,12,-6,-31,102,1010;
11,26,211,-41,13,-6,-27,105,1011;
15,26,209,-41,13,-5,-29,107,1013;
13,28,207,-43,13,-6,-26,107,1016;
11,24,210,-43,12,-7,-24,107,1015;
11,27,210,-45,14,-5,-27,105,1014;
14,24,211,-45,15,-7,-32,103,1012;
11,28,209,-44,15,-5,-24,103,1010;
12,23,206,-45,16,-7,-31,103,1008;
18,20,214,-46,17,-10,-29,103,1011;
16,23,207,-46,18,-11,-22,104,1010;
12,25,207,-45,20,-13,-28,102,1014;
12,28,210,-41,19,-10,-28,107,1014;
15,24,210,-40,15,-8,-23,104,1011;
15,25,207,-40,15,-8,-28,102,1012;
13,27,209,-40,14,-7,-26,100,1016;
12,25,212,-39,13,-6,-30,105,1009;
12,23,208,-39,14,-6,-30,105,1015;
11,24,211,-39,12,-5,-31,101,1016;
15,27,208,-39,11,-5,-28,106,1010;
11,25,206,-38,11,-5,-25,109,1009;
13,24,205,-36,10,-5,-30,110,1013;
11,28,207,-39,10,-6,-31,103,1012;
13,26,206,-40,12,-6,-32,102,1007;
11,27,207,-41,12,-7,-30,102,1014;
13,26,209,-40,16,-9,-27,109,1010;
12,27,210,-40,17,-8,-31,105,1007;
13,22,203,-42,18,-10,-31,104,1015;
14,24,208,-39,17,-9,-29,104,1016;
16,22,212,-40,17,-9,-29,105,1015;
9,27,211,-38,14,-7,-37,103,1012;
11,22,203,-38,7,0,-37,93,1005;
15,18,206,-38,8,5,-27,77,1018;
14,25,211,-39,7,-3,-27,109,1013;
14,27,211,-26,7,-4,-22,105,1013;
11,26,207,-20,7,-4,-20,111,1009;
12,28,211,-30,11,-3,-28,106,1017;
15,29,210,-37,12,-6,-32,113,1010;
14,29,213,-44,13,-6,-23,106,1015;
14,24,210,-46,15,-6,-31,106,1016;
11,27,210,-47,14,-6,-30,107,1012;
9,27,206,-47,14,-6,-24,101,1013;
14,25,204,-46,15,-6,-28,107,1016;
14,24,210,-45,16,-6,-30,105,1012;
15,26,207,-43,13,-7,-32,104,1012;
10,26,209,-41,14,-7,-31,110,1016;
12,27,205,-40,14,-8,-30,105,1006;
12,28,204,-40,14,-10,-32,103,1013;
12,25,207,-44,17,-11,-30,108,1009;
14,23,210,-42,18,-12,-29,112,1014;
13,30,208,-36,16,-8,-25,109,1010;
15,27,213,-34,15,-7,-26,110,1010;
14,25,208,-35,15,-6,-30,112,1014;
18,30,207,-37,14,-7,-31,105,1017;
16,27,212,-39,15,-6,-29,112,1013;
12,29,211,-40,16,-8,-33,105,1013;
12,28,209,-39,17,-8,-30,102,1014;
13,27,211,-40,16,-8,-31,112,1017;
14,25,208,-38,16,-9,-27,109,1011;
13,27,205,-38,14,-7,-29,104,1013;
10,29,207,-36,15,-8,-31,105,1016;
13,27,210,-40,14,-8,-30,108,1013;
15,23,211,-41,17,-10,-31,103,1010;
15,28,207,-42,19,-11,-25,104,1013;
16,28,213,-40,18,-10,-21,109,1016;
12,30,211,-35,16,-8,-29,107,1016;
14,29,216,-34,15,-8,-25,114,1018;
8,27,205,-42,12,-6,-53,108,1011;
13,25,213,-45,17,-6,-24,103,1013;
16,24,210,-32,11,-5,-19,108,1009;
14,26,208,-21,9,-4,-25,106,1006;
16,27,209,-22,12,-5,-25,103,1014;
15,27,213,-29,13,-7,-26,109,1011;
12,30,206,-34,13,-6,-31,104,1020;
17,22,210,-36,14,-4,-26,111,1010;
15,27,213,-37,12,-3,-27,111,1014;
13,27,209,-39,13,-4,-29,109,1012;
10,27,209,-39,12,-4,-31,106,1012;
15,25,210,-37,11,-3,-26,108,1015;
12,27,209,-36,10,-3,-26,110,1013;
14,26,213,-38,12,-4,-27,110,1012;
13,28,206,-37,12,-4,-31,105,1011;
11,30,209,-41,12,-4,-22,111,1017;
15,25,208,-40,12,-6,-28,109,1016;
10,25,204,-40,12,-6,-28,106,1015;
11,32,216,-41,12,-6,-26,104,1013;
14,24,209,-42,12,-6,-20,104,1011;
11,27,208,-43,12,-4,-28,104,1014;
10,26,210,-42,12,-3,-34,105,1012;
13,26,209,-38,5,0,-23,108,1014;
13,27,212,-34,5,-3,-23,107,1011;
12,32,207,-35,10,-3,-24,117,1014;
17,26,208,-37,13,-4,-28,104,1010;
16,24,209,-40,13,-4,-24,111,1014;
14,25,209,-41,13,-4,-27,108,1012;
16,24,212,-41,12,-4,-25,105,1014;
11,29,207,-42,13,-5,-28,106,1013;
13,27,211,-43,13,-5,-26,110,1011;
15,26,208,-43,13,-6,-21,108,1014;
10,26,211,-43,14,-5,-29,109,1016;
12,27,208,-44,13,-5,-28,108,1015;
13,25,211,-44,14,-5,-25,112,1014;
12,27,209,-44,14,-5,-28,104,1011;
14,25,206,-45,13,-5,-29,109,1013;
12,29,210,-46,14,-5,-24,112,1014;
13,26,209,-46,16,-5,-26,108,1015;
10,32,208,-47,15,-6,-27,109,1006;
16,28,208,-45,15,-5,-18,110,1015;
14,26,208,-44,14,-5,-28,113,1013;
11,28,208,-46,13,-6,-25,108,1015;
14,26,211,-47,14,-5,-23,108,1015;
14,27,206,-47,13,-6,-27,108,1013;
13,29,211,-48,15,-6,-25,109,1014;
10,27,210,-48,14,-7,-26,108,1013;
14,29,208,-46,15,-7,-26,111,1014;
11,26,211,-46,16,-8,-27,111,1011;
14,26,210,-44,20,-9,-29,107,1013;
11,26,209,-41,18,-7,-30,106,1015;
12,25,206,-38,17,-8,-25,107,1010;
12,29,206,-38,16,-6,-28,106,1013;
11,27,206,-37,16,-6,-28,107,1012;
11,31,208,-38,17,-7,-28,118,1014;
11,26,210,-39,17,-7,-29,109,1012;
12,26,212,-41,17,-7,-26,108,1015;
12,27,209,-42,18,-9,-28,108,1011;
13,25,206,-43,16,-9,-26,108,1009;
9,28,207,-45,18,-8,-25,105,1015;
12,29,210,-47,19,-8,-27,106,1014;
16,22,209,-49,20,-8,-30,105,1013;
13,28,214,-48,22,-10,-25,103,1019;
14,25,215,-50,21,-9,-22,104,1025;
13,25,211,-51,22,-9,-25,99,1019;
14,24,211,-48,22,-7,-26,101,1016;
13,25,207,-44,21,-7,-28,101,1018;
12,26,208,-42,21,-6,-30,105,1012;
13,25,206,-41,21,-6,-26,103,1002;
14,25,203,-41,21,-6,-30,104,1008;
11,26,208,-42,21,-6,-32,109,1009;
11,30,212,-41,19,-5,-26,109,1007;
11,23,211,-37,19,-5,-23,107,1013;
12,28,206,-35,20,-4,-27,110,1014;
15,27,207,-31,20,-4,-27,110,1009;
9,29,211,-28,19,-4,-29,114,1011;
13,25,208,-28,18,-5,-31,116,1007;
12,31,209,-26,19,-6,-29,111,1010;
13,29,209,-27,19,-5,-27,113,1011;
16,27,207,-29,17,-7,-23,111,1013;
14,30,208,-32,17,-6,-23,116,1014;
14,29,210,-32,18,-6,-24,114,1011;
13,31,210,-35,18,-7,-27,119,1012;
15,28,212,-36,20,-6,-27,116,1015;
15,31,209,-36,18,-6,-25,114,1012;
15,30,210,-39,16,-4,-27,112,1018;
13,29,210,-40,15,-3,-33,118,1016;
13,27,212,-41,16,-4,-28,108,1016;
14,26,213,-41,15,-4,-26,113,1014;
13,29,210,-43,14,-3,-24,110,1013;
12,30,207,-43,16,-3,-23,113,1014;
12,28,205,-43,17,-4,-26,110,1015;
13,30,210,-42,18,-7,-19,107,1012;
17,28,209,-45,21,-7,-26,108,1011;
11,27,212,-46,22,-7,-25,111,1012;
17,27,208,-48,24,-8,-30,107,1007;
14,28,205,-47,26,-10,-26,104,1007;
13,24,206,-46,26,-11,-25,105,1007;
15,25,209,-46,26,-14,-24,101,1007;
15,27,208,-43,28,-15,-26,107,1005;
14,28,207,-40,26,-15,-26,108,1016;
12,28,207,-37,24,-14,-27,104,1009;
8,23,212,-35,18,-10,-27,100,1017;
13,28,209,-31,9,-7,-23,101,1006;
14,24,209,-29,13,-11,-28,110,1014;
8,24,208,-25,15,-10,-26,111,1016;
13,27,209,-20,13,-10,-30,117,1013;
8,31,212,-24,12,-9,-37,115,1024;
8,26,208,-33,12,-3,-38,93, 997;
11,26,208,-43,12,-4,-32,105,1008;
13,24,211,-37,10,0,-23,112,1019;
15,26,208,-20,4,2,-22,112,1014;
13,31,209,-11,1,2,-24,112,1013;
11,30,212,-14,4,2,-27,117,1007;
16,28,208,-22,4,3,-28,117,1012;
12,32,207,-29,6,0,-27,117,1015;
15,26,212,-36,10,-2,-25,117,1011;
11,26,210,-40,12,-4,-29,114,1017;
12,27,208,-44,14,-4,-33,110,1010;
13,27,208,-47,14,-4,-30,116,1014;
14,27,210,-47,12,-5,-32,112,1018;
12,27,210,-46,12,-4,-28,110,1015;
11,25,206,-44,10,-5,-31,112,1017;
11,28,214,-44,11,-5,-32,110,1013;
9,27,207,-45,9,-5,-29,110,1013;
12,30,212,-45,10,-5,-31,109,1010;
13,29,208,-44,11,-4,-28,111,1013;
14,32,209,-45,10,-3,-28,111,1015;
15,28,211,-47,9,-2,-30,108,1013;
13,26,211,-45,10,-2,-26,107,1016;
16,26,207,-43,11,-2,-25,108,1012;
14,26,207,-44,10,-1,-25,108,1010;
14,27,209,-45,10,-2,-25,110,1016;
12,26,210,-46,11,-2,-23,105,1009;
14,30,210,-43,13,-2,-22,105,1013;
12,29,207,-43,15,-2,-23,114,1009;
14,27,212,-42,15,-3,-26,113,1009;
14,31,205,-41,17,-4,-28,113,1010;
11,25,202,-40,19,-4,-25,110,1012;
14,27,205,-41,19,-5,-17,112,1009;
16,27,213,-41,22,-5,-23,111,1010;
14,30,209,-39,22,-5,-26,110,1010;
14,27,207,-39,22,-8,-24,116,1011;
14,28,207,-39,22,-7,-24,113,1013;
12,29,211,-41,22,-6,-19,110,1013;
12,33,208,-41,20,-7,-23,109,1014;
13,28,207,-42,18,-7,-27,113,1011;
11,29,206,-40,18,-7,-22,117,1013;
7,30,208,-41,18,-7,-35,108,1011;
11,30,209,-41,12,-4,-27,110,1015;
14,28,211,-36,9,-5,-29,116,1010;
13,29,210,-37,15,-6,-30,113,1013;
14,29,210,-39,13,-3,-26,118,1013;
12,30,211,-43,12,-3,-30,115,1016;
14,29,209,-47,13,-5,-19,110,1011;
12,27,210,-45,13,-6,-20,110,1015;
14,24,210,-47,13,-6,-28,111,1012;
15,26,210,-46,14,-8,-18,109,1014;
14,27,209,-45,14,-7,-22,105,1011;
16,27,209,-45,13,-6,-28,108,1012;
13,27,211,-43,15,-6,-25,110,1013;
7,26,202,-41,15,-6,-26,107,1010;
13,27,208,-40,16,-6,-22,110,1010;
15,25,206,-39,15,-6,-28,110,1008;
11,28,206,-39,14,-6,-27,111,1014;
11,28,210,-38,12,-6,-29,114,1007;
12,27,207,-40,12,-5,-32,108,1016;
10,32,208,-40,12,-5,-27,113,1014;
13,27,208,-41,13,-6,-28,112,1012;
11,28,209,-42,12,-4,-25,111,1012;
13,28,209,-42,13,-6,-30,106,1013;
13,29,211,-43,13,-5,-25,113,1010;
11,29,209,-43,14,-4,-30,114,1011;
15,27,210,-43,14,-4,-27,116,1012;
13,29,210,-44,13,-3,-24,113,1011;
14,26,213,-45,13,-4,-27,116,1014;
14,26,209,-45,15,-3,-24,115,1014;
9,28,207,-43,15,-4,-30,112,1010;
13,30,209,-43,16,-4,-25,107,1013;
14,24,213,-44,16,-2,-31,111,1017;
15,25,212,-45,17,-4,-29,113,1015;
12,30,209,-46,17,-2,-26,110,1016;
15,22,202,-46,17,-1,-28,108,1010;
14,28,209,-46,18,-3,-26,107,1012;
16,27,211,-45,17,-2,-22,111,1015;
13,30,209,-46,18,-3,-26,111,1015;
11,30,208,-44,17,-3,-31,111,1011;
14,29,208,-45,17,-3,-29,110,1013;
13,28,209,-45,15,-4,-28,108,1016;
15,26,208,-44,15,-4,-22,109,1012;
11,28,212,-46,14,-4,-22,113,1018;
12,30,210,-44,15,-4,-27,112,1010;
15,28,208,-44,15,-4,-26,115,1012;
10,27,209,-44,15,-4,-27,113,1015;
11,29,206,-44,16,-4,-29,113,1012;
14,30,208,-44,16,-4,-28,114,1013;
14,30,211,-45,15,-3,-28,116,1013;
13,28,206,-44,14,-5,-26,120,1009;
13,30,211,-46,13,-4,-27,114,1014;
14,30,210,-49,15,-3,-26,114,1013;
16,29,209,-50,15,-2,-25,114,1009;
14,29,210,-53,16,-2,-21,115,1014;
16,28,209,-55,18,-4,-26,118,1012;
20,27,217,-56,19,-3,-27,112,1010;
15,27,211,-57,18,-3,-25,109,1014;
16,25,213,-57,18,-4,-23,109,1013;
12,28,211,-55,19,-4,-22,111,1011;
13,28,208,-55,17,-6,-20,109,1015;
14,29,211,-53,16,-5,-22,111,1013;
12,27,209,-54,16,-6,-23,115,1013;
15,28,207,-53,14,-7,-24,114,1012;
12,27,213,-51,14,-6,-28,109,1013;
14,28,209,-49,15,-7,-23,109,1016;
14,25,203,-48,14,-8,-27,105,1018;
15,28,212,-45,14,-8,-30,106,1011;
10,28,206,-45,14,-7,-25,114,1012;
10,27,209,-41,14,-7,-24,113,1013;
13,32,209,-39,16,-8,-25,113,1015;
13,28,212,-37,16,-7,-30,116,1011;
11,29,210,-36,17,-7,-28,119,1013;
13,31,206,-38,18,-6,-29,118,1012;
14,31,206,-41,17,-5,-28,118,1013;
16,25,209,-44,19,-4,-28,118,1014;
13,28,210,-49,20,-4,-23,117,1012;
11,29,211,-52,20,-4,-23,113,1012;
13,22,207,-54,20,-4,-25,112,1012;
13,26,213,-58,21,-5,-30,111,1017;
13,26,210,-60,21,-5,-27,103,1017;
14,27,210,-59,23,-5,-22,106,1020;
13,25,211,-59,23,-5,-23,105,1012;
14,24,212,-55,24,-6,-25,106,1016;
14,25,206,-52,24,-5,-27,103,1012;
14,24,209,-49,23,-5,-24,101,1011;
15,23,205,-45,24,-6,-26,100,1005;
11,29,209,-44,24,-5,-27,108,1011;
11,26,206,-44,25,-4,-27,106,1006;
6,21,204,-43,25,-4,-29,106,1011;
12,28,205,-40,26,-6,-31,105,1012;
13,28,208,-38,24,-4,-27,111,1011;
11,30,205,-36,22,-5,-28,111,1010;
12,28,210,-30,22,-4,-25,113,1013;
13,29,206,-27,20,-4,-26,116,1007;
10,30,210,-28,20,-4,-23,116,1011;
18,29,207,-29,19,-5,-22,114,1009;
14,31,207,-30,19,-6,-26,117,1009;
11,30,202,-34,19,-5,-17,122,1011;
16,28,214,-37,20,-6,-25,117,1012;
16,32,218,-39,20,-6,-20,118,1013;
13,29,208,-40,19,-5,-22,116,1015;
14,29,207,-42,19,-5,-21,115,1018;
13,33,208,-45,18,-5,-23,117,1017;
13,29,213,-46,18,-6,-28,117,1016;
13,29,209,-45,16,-5,-20,116,1017;
13,27,209,-44,15,-4,-27,117,1016;
13,29,214,-45,15,-4,-23,115,1016;
13,30,206,-46,15,-4,-26,115,1011;
14,29,212,-46,15,-4,-29,112,1014;
11,32,210,-49,14,-4,-29,117,1014;
10,30,212,-47,14,-5,-29,114,1011;
12,29,208,-48,14,-6,-28,117,1010;
14,27,209,-49,17,-5,-28,114,1012;
13,29,206,-52,18,-5,-30,110,1008;
13,27,207,-53,18,-5,-20,115,1008;
13,28,213,-53,19,-4,-28,115,1015;
13,28,211,-54,19,-5,-28,114,1015;
10,26,208,-55,19,-4,-31,111,1011;
13,25,210,-54,20,-5,-28,111,1011;
14,26,206,-54,20,-4,-30,108,1014;
14,23,215,-55,19,-4,-27,111,1012;
13,30,215,-56,20,-5,-31,112,1016;
11,29,209,-55,19,-4,-30,111,1011;
13,26,209,-51,18,-3,-29,110,1019;
14,27,209,-52,19,-4,-22,111,1013;
13,28,208,-50,16,-3,-25,111,1009;
11,30,207,-49,17,-3,-24,106,1012;
13,28,210,-48,18,-4,-28,109,1014;
15,29,214,-48,18,-2,-25,107,1014;
15,29,210,-46,21,-2,-32,111,1007;
16,27,212,-46,20,-2,-24,113,1011;
13,25,208,-45,19,-3,-28,114,1011;
16,30,215,-45,20,-2,-26,115,1015;
13,27,207,-46,19,-3,-26,117,1009;
11,28,211,-48,21,-2,-25,112,1012;
10,29,210,-50,22,-3,-28,114,1012;
13,28,209,-53,23,-3,-25,110,1013;
13,27,206,-54,23,-2,-27,106,1012;
14,28,209,-53,23,-2,-28,112,1012;
11,29,208,-53,21,-2,-26,105,1017;
11,30,208,-52,18,-1,-28,103,1013;
12,25,210,-51,16,-2,-31,107,1017;
13,29,213,-49,15,-3,-29,104,1014;
8,28,208,-48,14,-4,-31,105,1015;
13,27,212,-49,12,-4,-28,106,1014;
13,27,211,-49,12,-3,-30,112,1014;
14,25,208,-52,12,-3,-31,105,1017;
14,26,209,-53,14,-3,-26,110,1010;
16,23,208,-53,13,-3,-18,102,1007;
14,25,211,-50,12,-3,-20,101,1009;
13,27,210,-48,14,-2,-28,106,1006;
12,25,205,-45,15,-4,-24,106,1013;
12,25,211,-41,13,-3,-27,110,1019;
15,30,209,-37,11,-3,-30,113,1021;
15,31,213,-35,9,-3,-21,114,1018;
15,29,209,-33,8,-5,-31,121,1017;
12,31,210,-35,11,-4,-29,117,1016;
14,31,206,-37,8,-4,-16,118,1008;
17,30,207,-41,8,-2,-14,119,1009;
16,30,209,-44,13,-4,-22,119,1013;
15,29,207,-46,13,-4,-26,111,1015;
12,30,208,-44,13,-3,-27,117,1012;
13,26,208,-43,13,-2,-27,116,1014;
11,32,210,-42,12,-2,-27,118,1018;
8,28,209,-42,12,-3,-25,119,1015;
15,30,209,-43,12,-4,-23,113,1011;
14,29,209,-46,10,-3,-27,118,1011;
14,29,211,-47,13,-3,-28,118,1012;
11,30,211,-49,14,-4,-26,113,1010;
12,31,210,-50,13,-2,-25,116,1013;
12,29,211,-49,13,-3,-26,113,1009;
13,30,209,-50,13,-3,-24,111,1010;
15,27,209,-51,13,-3,-26,115,1012;
13,30,208,-52,13,-4,-30,111,1008;
11,30,205,-52,15,-5,-27,106,1008;
14,30,212,-51,16,-4,-27,106,1011;
12,29,212,-51,16,-5,-25,108,1010;
14,26,208,-51,17,-6,-26,108,1013;
14,25,212,-49,18,-7,-27,108,1009;
16,25,210,-48,18,-6,-28,112,1011;
14,25,207,-49,17,-5,-27,112,1005;
12,25,210,-47,19,-7,-25,107,1009;
14,28,208,-48,19,-6,-26,109,1010;
9,31,207,-48,19,-4,-24,108,1011;
13,24,209,-47,20,-5,-26,111,1009;
12,23,210,-48,20,-4,-28,111,1012;
12,28,215,-48,20,-4,-32,111,1014;
14,25,211,-48,20,-4,-31,107,1008;
15,26,209,-48,21,-4,-26,109,1010;
12,26,206,-47,20,-4,-30,108,1010;
13,28,211,-46,22,-4,-31,104,1010;
11,27,206,-48,21,-3,-23,106,1010;
11,29,206,-47,21,-5,-28,100,1009;
12,24,203,-46,22,-3,-29,104,1010;
10,26,211,-45,23,-3,-24,102,1011;
14,26,208,-43,22,-4,-21,100,1005;
17,25,207,-40,22,-3,-35,103,1009;
18,28,210,-40,22,-4,-26,102,1006;
17,23,207,-37,21,-5,-24,99,1010;
12,26,208,-35,21,-5,-25,101,1010;
12,22,209,-30,24,-3,-30,100,1009;
12,23,204,-30,21,-5,-27,105,1011;
14,25,212,-28,20,-4,-30,102,1017;
14,25,208,-23,21,-4,-31,104,1015;
17,24,204,-23,19,-4,-26,104,1016;
16,27,210,-22,17,-3,-17,108,1013;
15,26,210,-21,16,-3,-23,111,1017;
14,27,209,-23,15,-3,-15,113,1017;
27,23,204,-25,14,-2,-12,115,1016;
15,31,211,-25,13,-3,-25,112,1014;
16,31,212,-27,12,-2,-17,116,1015;
15,29,210,-27,12,-2,-18,120,1021;
14,28,210,-28,11,-3,-15,118,1019;
17,29,208,-32,9,-2,-18,121,1018;
14,30,212,-33,10,-3,-16,118,1015;
18,29,211,-34,10,-3,-16,118,1014;
13,30,210,-35,9,-4,-13,118,1012;
15,29,212,-33,9,-4,-9,112,1016;
12,29,210,-32,11,-4,-13,118,1018;
15,26,203,-30,10,-4,-22,117,1016;
10,32,212,-30,10,-4,-22,117,1012;
