19,-246,12,-7,-1,9,68,-966,149
22,-246,10,-2,-6,10,68,-968,147
18,-245,6,1,-12,12,68,-964,152
20,-245,10,4,-18,14,64,-961,153
18,-248,11,7,-24,13,69,-959,161
18,-243,7,11,-31,14,73,-962,158
17,-245,9,13,-36,14,75,-957,159
20,-243,6,15,-41,14,67,-959,159
18,-246,9,12,-45,14,68,-951,159
18,-244,13,10,-47,14,65,-955,155
18,-245,10,5,-49,15,63,-955,165
14,-244,8,0,-52,15,66,-961,162
21,-247,10,0,-55,15,69,-963,164
17,-247,7,1,-62,18,66,-968,159
19,-245,9,4,-69,18,63,-968,156
17,-246,16,8,-78,18,67,-966,153
17,-244,4,10,-88,21,68,-966,154
18,-246,3,12,-97,22,65,-966,157
20,-248,10,14,-104,24,73,-965,148
18,-244,6,20,-109,26,68,-962,154
19,-245,6,24,-113,29,72,-954,151
21,-247,9,28,-115,32,70,-954,151
16,-244,7,32,-118,33,69,-954,150
17,-244,5,33,-123,34,62,-948,152
13,-243,9,29,-126,36,63,-953,158
16,-243,8,26,-130,37,65,-954,161
13,-245,10,24,-133,39,62,-957,164
16,-246,11,20,-137,41,66,-963,157
18,-245,11,18,-140,44,65,-961,161
19,-247,12,18,-146,46,71,-957,162
18,-245,10,19,-153,48,71,-964,162
20,-245,12,19,-160,49,73,-963,163
22,-244,12,22,-166,51,77,-963,158
19,-244,8,25,-172,54,77,-961,152
22,-248,4,27,-175,55,76,-960,153
19,-245,10,28,-178,56,76,-964,156
19,-246,10,29,-180,56,76,-964,155
19,-247,14,30,-180,57,77,-965,154
20,-245,11,33,-181,58,77,-960,156
18,-245,7,31,-182,60,76,-960,161
22,-245,8,29,-183,58,76,-960,155
18,-247,8,29,-182,60,77,-963,156
20,-243,12,30,-186,58,76,-962,158
22,-249,2,28,-188,59,76,-961,162
22,-246,12,27,-189,58,76,-958,162
21,-247,13,25,-191,59,75,-955,168
19,-244,10,27,-192,56,77,-960,164
18,-243,11,26,-195,56,77,-956,163
18,-241,9,24,-196,57,76,-958,165
22,-244,11,21,-199,58,77,-956,162
20,-245,12,18,-201,59,77,-956,165
20,-244,9,12,-202,61,80,-958,165
18,-243,11,9,-201,61,78,-960,165
21,-244,10,7,-202,61,77,-956,162
23,-244,5,5,-202,61,84,-958,160
23,-246,12,4,-202,61,80,-955,158
25,-247,14,2,-201,61,77,-954,163
22,-245,11,1,-201,61,77,-958,164
20,-243,11,0,-200,61,79,-956,163
18,-245,10,-2,-198,59,77,-954,170
22,-242,10,-2,-198,58,72,-960,174
21,-243,11,-2,-197,58,75,-956,168
18,-244,9,-3,-195,57,74,-956,171
19,-245,13,-4,-196,56,77,-953,173
22,-245,12,-4,-194,55,76,-953,173
21,-246,12,-6,-194,55,78,-956,171
21,-245,12,-8,-193,53,77,-947,167
23,-246,12,-9,-193,52,75,-953,173
23,-243,12,-13,-192,53,79,-956,170
21,-244,14,-16,-190,51,74,-955,168
26,-246,12,-18,-188,50,77,-954,168
22,-246,11,-22,-185,49,79,-955,170
22,-241,11,-23,-181,49,78,-955,163
23,-244,12,-24,-177,48,83,-954,167
20,-244,12,-25,-174,46,81,-948,166
22,-245,11,-29,-171,45,81,-955,169
24,-246,14,-29,-167,44,84,-958,168
24,-245,12,-30,-163,42,83,-957,166
22,-245,15,-33,-158,41,86,-954,166
23,-247,12,-35,-154,39,83,-954,167
21,-243,12,-35,-151,38,85,-962,167
29,-244,8,-36,-149,37,81,-961,168
24,-246,12,-35,-145,37,78,-953,165
25,-244,12,-36,-141,35,85,-961,161
24,-245,11,-42,-136,32,88,-957,167
26,-245,10,-47,-132,31,82,-958,163
25,-245,10,-50,-127,30,85,-961,167
26,-247,12,-53,-120,26,84,-960,159
25,-245,10,-55,-116,24,82,-959,164
25,-246,10,-56,-113,23,90,-962,166
25,-246,7,-57,-110,21,87,-964,162
21,-246,10,-57,-108,19,83,-957,164
25,-243,12,-58,-106,19,83,-959,164
25,-242,12,-58,-103,17,88,-956,162
25,-246,11,-64,-99,15,93,-951,168
24,-244,16,-67,-96,13,91,-948,170
25,-242,13,-74,-91,10,88,-948,169
24,-242,12,-80,-85,8,87,-955,170
25,-245,10,-88,-77,5,88,-957,168
26,-244,12,-94,-72,3,93,-958,166
24,-244,12,-96,-65,1,91,-958,165
27,-246,12,-97,-60,1,92,-966,170
24,-247,10,-97,-54,0,94,-970,171
25,-249,9,-99,-51,2,92,-970,174
30,-246,13,-101,-49,0,97,-968,176
29,-248,14,-103,-46,-1,97,-966,182
28,-245,14,-108,-41,-1,104,-970,182
26,-244,12,-111,-35,-2,100,-969,175
31,-247,12,-115,-29,-4,110,-968,174
31,-250,11,-119,-24,-5,107,-972,179
29,-248,13,-124,-17,-10,107,-971,181
28,-250,13,-129,-10,-16,100,-977,182
28,-253,15,-130,0,-19,96,-988,183
32,-258,15,-135,7,-23,104,-985,186
26,-251,15,-137,14,-27,108,-989,189
29,-252,20,-137,18,-31,107,-981,190
30,-253,15,-135,21,-34,97,-979,190
28,-249,14,-133,27,-35,104,-976,189
31,-250,13,-128,30,-36,110,-974,191
30,-246,14,-125,32,-38,110,-967,195
32,-250,18,-118,37,-37,114,-961,194
30,-245,19,-113,42,-36,106,-963,202
30,-248,18,-109,50,-35,106,-967,205
31,-247,22,-110,58,-35,104,-966,206
27,-248,26,-110,67,-34,113,-966,207
28,-245,22,-110,76,-34,111,-961,212
33,-244,22,-111,85,-36,117,-958,220
31,-242,23,-114,92,-39,116,-950,217
32,-243,24,-119,99,-41,121,-940,210
30,-238,20,-132,103,-46,120,-940,203
33,-235,20,-149,106,-47,122,-924,201
33,-236,17,-172,110,-50,127,-919,193
35,-235,16,-196,116,-48,129,-912,184
35,-235,13,-214,122,-48,128,-917,177
34,-234,14,-228,129,-47,128,-911,178
37,-234,19,-238,135,-44,135,-908,169
38,-236,11,-247,145,-43,134,-916,165
36,-236,12,-255,151,-37,135,-922,166
35,-242,6,-261,161,-35,133,-927,160
35,-240,7,-264,168,-29,131,-946,151
34,-245,3,-266,177,-22,122,-941,150
25,-242,6,-267,190,-14,99,-948,139
22,-242,3,-269,203,-1,82,-942,136
17,-237,7,-276,209,12,62,-934,139
15,-237,1,-293,210,26,48,-921,138
7,-230,8,-310,208,37,35,-917,151
4,-228,8,-324,200,47,23,-909,164
4,-227,17,-337,188,54,23,-902,179
5,-230,18,-347,177,56,21,-895,195
8,-228,16,-350,163,51,19,-894,198
8,-227,18,-352,146,44,34,-881,202
11,-223,18,-355,125,34,49,-878,198
17,-222,19,-362,107,22,63,-864,189
23,-222,12,-375,93,8,75,-865,177
27,-219,9,-393,87,-6,92,-860,170
34,-224,6,-416,90,-21,117,-872,155
42,-230,2,-440,107,-33,137,-888,146
42,-228,1,-459,136,-46,166,-896,144
53,-234,6,-475,172,-58,191,-906,144
58,-234,4,-485,208,-71,217,-920,146
62,-238,5,-489,241,-84,242,-924,148
64,-237,9,-490,269,-92,256,-928,150
68,-241,4,-490,290,-96,255,-933,145
63,-237,8,-494,309,-94,245,-936,144
62,-241,6,-496,325,-87,243,-939,149
60,-239,11,-497,340,-75,235,-932,150
57,-242,12,-494,359,-61,214,-929,155
50,-240,11,-490,375,-48,185,-931,161
46,-241,11,-483,384,-34,179,-925,165
41,-235,11,-469,398,-19,142,-926,166
35,-234,11,-457,406,-1,127,-911,160
26,-232,10,-445,410,16,102,-906,165
18,-230,10,-432,400,36,87,-896,161
18,-230,10,-424,383,57,59,-893,156
15,-231,11,-423,360,80,48,-898,158
8,-231,12,-420,337,104,36,-900,167
9,-236,14,-416,312,124,31,-914,174
8,-238,17,-409,287,143,26,-922,190
5,-243,16,-397,265,159,28,-932,194
7,-244,16,-384,240,175,37,-944,201
13,-244,17,-368,215,188,46,-945,197
16,-244,14,-356,191,198,63,-952,191
26,-246,13,-345,169,204,85,-956,186
30,-246,19,-339,153,210,108,-956,184
36,-245,14,-332,142,211,120,-962,182
37,-246,14,-328,134,209,134,-964,173
41,-245,13,-330,132,206,141,-963,173
38,-243,12,-328,131,204,142,-957,175
40,-242,14,-323,130,202,147,-954,171
41,-245,13,-317,129,202,151,-957,172
39,-245,6,-309,127,205,149,-958,178
40,-247,15,-295,124,207,149,-962,167
38,-248,9,-282,121,211,139,-972,165
38,-251,13,-268,113,217,139,-979,169
39,-253,10,-255,104,224,138,-990,170
37,-255,14,-240,90,231,132,-994,173
33,-257,12,-218,78,237,127,-1003,164
34,-256,12,-191,67,247,121,-1000,161
29,-253,9,-157,57,256,128,-988,158
31,-255,9,-132,45,267,119,-981,147
29,-246,10,-99,31,278,110,-965,154
29,-236,11,-74,13,292,115,-939,158
26,-231,5,-55,-14,307,100,-912,145
19,-218,0,-47,-45,325,86,-869,133
15,-211,-10,-56,-84,346,69,-831,110
10,-201,-13,-79,-130,365,45,-794,77
-1,-191,-27,-113,-182,382,11,-759,48
-10,-181,-33,-146,-240,397,-29,-707,-6
-20,-171,-45,-179,-303,410,-66,-656,-50
-40,-153,-56,-205,-379,422,-147,-610,-84
-53,-144,-62,-227,-468,427,-210,-559,-121
-77,-125,-71,-239,-577,423,-282,-494,-145
-92,-115,-79,-248,-701,416,-338,-444,-177
-114,-103,-82,-251,-824,394,-430,-396,-195
-116,-94,-82,-241,-944,371,-456,-339,-199
-117,-72,-81,-224,-1036,329,-469,-262,-187
-123,-57,-75,-215,-1098,287,-463,-194,-152
-95,-31,-66,-217,-1163,234,-366,-111,-119
-67,-13,-54,-243,-1199,159,-254,-44,-88
-37,-3,-47,-306,-1215,70,-135,-21,-36
-5,-13,-36,-399,-1212,-14,-19,-71,20
36,-36,-20,-517,-1175,-89,99,-161,58
59,-69,-10,-674,-1089,-139,183,-316,108
83,-119,11,-861,-957,-166,295,-484,178
103,-177,28,-1039,-792,-174,363,-695,237
117,-234,39,-1176,-615,-166,426,-910,277
123,-288,42,-1265,-440,-138,449,-1112,304
129,-347,44,-1306,-284,-86,459,-1335,293
121,-402,46,-1296,-143,-18,437,-1535,297
103,-444,41,-1224,-27,57,388,-1707,272
96,-474,25,-1113,67,129,363,-1826,225
85,-492,15,-994,168,184,315,-1893,181
79,-488,5,-902,260,224,285,-1890,135
71,-478,-5,-847,338,241,268,-1860,104
67,-467,-11,-826,397,235,258,-1817,84
59,-462,-2,-820,435,213,239,-1790,110
52,-454,13,-803,439,188,210,-1778,164
48,-464,24,-755,417,175,186,-1786,207
40,-468,32,-694,386,168,159,-1811,241
38,-480,40,-627,361,166,132,-1851,268
23,-491,43,-551,362,165,91,-1911,292
11,-511,50,-461,383,158,26,-1990,315
-1,-528,51,-349,413,144,-12,-2066,332
-15,-548,61,-222,444,127,-63,-2129,357
-24,-556,59,-95,457,112,-99,-2179,372
-32,-564,64,9,445,103,-118,-2198,381
-32,-559,65,68,403,108,-134,-2176,388
-31,-539,73,82,346,135,-115,-2118,410
-27,-521,76,66,278,177,-100,-2022,427
-31,-495,79,37,202,227,-108,-1933,432
-32,-474,79,-3,120,276,-123,-1851,427
-36,-454,76,-49,39,320,-143,-1771,420
-41,-436,71,-90,-37,350,-158,-1703,412
-42,-421,74,-124,-104,365,-172,-1640,390
-40,-408,66,-143,-164,364,-173,-1586,385
-44,-391,60,-149,-213,354,-172,-1526,356
-44,-381,51,-139,-244,333,-166,-1483,329
-32,-372,45,-118,-267,307,-142,-1444,303
-25,-361,42,-86,-268,282,-104,-1400,279
-19,-348,30,-46,-250,254,-78,-1352,252
0,-333,23,-2,-217,235,-16,-1298,222
8,-313,21,49,-155,210,10,-1217,207
17,-294,15,121,-95,194,53,-1133,190
29,-268,17,199,-27,174,84,-1037,165
36,-237,2,273,45,156,122,-923,145
48,-209,-3,334,112,135,172,-795,114
50,-173,-13,371,175,112,181,-666,84
50,-137,-23,380,221,92,196,-545,61
50,-106,-21,358,241,70,202,-425,49
49,-80,-22,316,240,39,193,-321,38
44,-57,-28,260,224,4,173,-227,33
37,-38,-27,192,197,-40,145,-154,18
32,-21,-26,116,167,-88,123,-80,15
25,-8,-38,35,146,-137,85,-38,11
17,0,-32,-35,137,-184,49,-6,11
8,3,-34,-93,141,-226,17,18,0
4,7,-40,-126,157,-265,-11,36,-24
-3,14,-51,-139,183,-299,-20,52,-61
-5,20,-62,-145,212,-334,-29,83,-108
-8,25,-64,-157,243,-363,-28,96,-130
-4,30,-76,-173,265,-381,-31,106,-154
-1,30,-79,-190,288,-392,-20,117,-175
4,28,-76,-212,316,-398,4,118,-185
13,24,-80,-237,353,-401,39,103,-180
23,21,-71,-257,403,-408,69,89,-157
37,14,-65,-259,455,-423,107,76,-134
38,13,-64,-243,514,-437,131,67,-115
45,12,-61,-216,576,-451,156,47,-101
46,6,-62,-183,639,-468,181,31,-100
59,7,-62,-150,706,-481,204,24,-115
65,-1,-76,-121,769,-488,235,13,-150
73,-7,-91,-106,834,-491,267,-3,-204
75,-21,-103,-116,891,-488,278,-61,-263
71,-45,-120,-152,940,-468,269,-156,-326
64,-80,-134,-227,977,-425,248,-289,-381
51,-125,-134,-331,1006,-364,201,-453,-410
39,-177,-136,-434,1019,-286,143,-658,-429
18,-235,-133,-527,1024,-188,96,-873,-420
4,-303,-125,-599,1028,-79,39,-1107,-400
-12,-352,-123,-638,1032,43,-1,-1326,-399
-17,-415,-129,-666,1039,161,-79,-1560,-390
-24,-465,-128,-693,1047,246,-69,-1760,-393
-83,-507,-129,-738,1074,267,-249,-1946,-410
-85,-544,-136,-807,1020,295,-338,-2098,-433
-76,-564,-137,-852,920,277,-262,-2205,-429
-114,-574,-126,-854,825,187,-421,-2221,-393
-122,-577,-118,-808,660,99,-457,-2241,-344
-131,-577,-91,-715,454,4,-472,-2226,-253
-142,-570,-61,-599,268,-103,-516,-2205,-127
-163,-561,-35,-486,101,-178,-621,-2190,-14
-180,-556,0,-393,-92,-192,-660,-2167,115
-168,-556,20,-302,-302,-171,-637,-2158,192
-140,-564,29,-199,-506,-149,-540,-2168,239
-127,-563,36,-74,-681,-141,-482,-2192,237
-105,-572,32,40,-826,-141,-407,-2223,248
-92,-587,33,133,-921,-157,-349,-2278,252
-65,-601,41,196,-959,-190,-272,-2341,265
-51,-599,45,234,-929,-250,-211,-2349,294
-32,-581,58,232,-854,-316,-142,-2287,339
-5,-560,65,216,-761,-381,-44,-2191,350
18,-531,57,182,-665,-446,58,-2089,350
43,-500,48,130,-563,-504,136,-1954,314
64,-464,40,67,-454,-551,198,-1837,285
70,-437,29,23,-349,-586,249,-1722,238
76,-405,17,-6,-260,-611,278,-1599,206
78,-374,12,-16,-186,-619,300,-1477,167
81,-345,3,-7,-126,-622,307,-1359,140
76,-309,2,21,-93,-619,312,-1244,127
67,-277,-2,80,-81,-609,247,-1088,132
70,-244,-11,155,-91,-571,258,-961,89
55,-216,-13,196,-101,-536,226,-863,91
60,-191,-5,219,-106,-489,241,-769,94
54,-166,2,228,-103,-451,236,-655,133
64,-133,12,240,-97,-408,235,-542,167
69,-111,12,255,-83,-373,252,-459,180
62,-91,16,248,-67,-353,260,-377,185
39,-82,22,219,-54,-334,155,-316,197
31,-67,15,193,-72,-278,121,-275,185
32,-58,-3,162,-90,-225,124,-243,132
32,-51,-8,96,-87,-199,110,-201,95
31,-45,-22,22,-67,-178,116,-156,65
21,-32,-26,-38,-40,-159,77,-119,52
19,-24,-27,-84,-24,-126,75,-84,21
18,-15,-38,-112,-2,-86,63,-59,-7
13,-8,-45,-135,21,-45,38,-26,-36
7,-3,-51,-161,30,8,33,0,-58
8,5,-51,-178,25,68,13,21,-68
3,5,-58,-182,14,130,12,29,-80
-5,11,-60,-168,-10,190,-16,38,-96
-6,5,-66,-141,-44,251,-20,23,-113
-13,-1,-60,-105,-87,298,-33,4,-114
-13,-4,-56,-48,-135,334,-39,-9,-99
-12,-8,-56,43,-183,355,-43,-12,-91
-10,-7,-58,168,-219,357,-37,-1,-94
-7,0,-54,312,-249,344,-30,14,-87
2,2,-58,454,-268,314,9,28,-93
15,5,-57,576,-282,268,48,40,-88
23,13,-54,674,-287,208,87,65,-81
30,21,-54,753,-287,147,107,84,-82
37,26,-59,803,-279,83,125,106,-85
39,37,-52,820,-271,28,134,137,-82
35,39,-55,801,-270,-18,133,141,-82
31,34,-42,749,-278,-50,121,141,-71
25,31,-49,682,-295,-75,92,122,-52
11,28,-46,617,-323,-85,61,106,-50
-3,22,-44,561,-349,-80,4,82,-29
-18,16,-42,522,-380,-58,-58,62,-25
-36,17,-60,489,-411,-18,-134,56,-80
-57,10,-80,439,-437,35,-216,26,-199
-56,-21,-115,339,-467,92,-229,-116,-345
-18,-78,-174,190,-516,145,-47,-349,-575
30,-147,-210,-1,-566,176,136,-644,-721
59,-232,-206,-288,-575,179,231,-981,-703
97,-330,-219,-699,-519,108,325,-1361,-754
111,-436,-218,-1207,-384,-130,394,-1791,-759
120,-572,-210,-1705,-247,-513,441,-2311,-732
105,-726,-213,-2099,-182,-932,364,-2879,-741
75,-848,-182,-2366,-183,-1278,279,-3297,-620
62,-945,-121,-2349,-175,-1428,213,-3598,-373
45,-995,-42,-1851,-40,-1370,124,-3744,-52
13,-969,-15,-943,229,-1135,-15,-3647,46
1,-872,-35,55,570,-747,-48,-3306,-23
8,-756,-59,849,866,-295,17,-2912,-110
10,-632,-53,1259,988,114,60,-2477,-114
1,-522,-45,1340,921,446,31,-2084,-63
1,-442,-43,1249,708,687,45,-1770,-53
9,-402,-49,1032,419,814,63,-1604,-66
6,-400,-48,767,162,831,31,-1576,-56
4,-415,-40,525,-14,777,26,-1642,-41
11,-446,-22,341,-106,689,47,-1741,28
21,-464,-7,227,-160,595,77,-1807,86
20,-474,4,148,-220,513,89,-1849,125
23,-480,12,63,-305,456,106,-1882,154
23,-481,12,-47,-416,439,116,-1897,166
29,-486,26,-173,-550,463,131,-1909,183
34,-487,12,-280,-685,514,143,-1914,177
36,-491,15,-359,-794,588,144,-1917,172
43,-489,12,-398,-863,671,151,-1909,158
34,-477,4,-389,-882,752,132,-1861,150
28,-464,3,-337,-852,826,105,-1808,128
31,-443,6,-246,-798,887,94,-1717,140
16,-410,1,-113,-715,944,43,-1567,122
11,-380,-1,16,-620,984,16,-1440,109
8,-343,-2,128,-518,997,2,-1302,113
5,-308,-1,235,-418,992,-2,-1158,111
-10,-267,0,323,-338,958,-29,-1018,118
-7,-230,-3,395,-273,901,-37,-872,119
-1,-191,-1,442,-220,831,-30,-715,124
0,-154,0,472,-166,758,-18,-587,125
7,-126,-5,479,-96,677,24,-480,117
26,-105,-11,468,-12,585,75,-407,98
39,-88,-9,443,72,479,142,-333,84
51,-73,-18,414,153,366,200,-272,73
56,-57,-13,392,241,241,205,-214,76
61,-51,-19,385,306,129,233,-187,51
58,-43,-25,375,328,29,237,-153,40
60,-43,-29,367,311,-78,204,-122,15
34,-23,-28,347,269,-176,132,-84,11
21,-14,-33,324,208,-242,85,-55,1
11,-8,-38,297,154,-279,42,-30,-5
1,4,-36,274,110,-298,-2,12,5
-14,18,-30,264,88,-313,-43,58,8
-19,28,-31,264,76,-313,-70,105,11
-22,45,-41,262,63,-304,-97,159,-12
-26,60,-49,243,45,-294,-109,203,-33
-31,59,-49,200,35,-280,-131,230,-48
-36,60,-49,145,30,-264,-141,225,-57
-38,51,-54,91,31,-246,-150,199,-58
-34,41,-49,49,35,-231,-142,164,-66
-31,28,-56,26,49,-219,-135,107,-80
-29,14,-51,19,74,-205,-117,64,-76
-20,2,-55,45,108,-189,-100,35,-80
-20,-5,-53,89,149,-167,-75,0,-86
-11,-9,-57,145,192,-141,-68,-15,-88
-8,-10,-58,201,232,-109,-45,-28,-99
-7,-8,-57,244,263,-77,-32,-30,-107
-5,-10,-65,273,283,-47,-23,-30,-122
2,-2,-59,294,289,-20,0,-21,-122
7,-3,-76,305,285,6,25,-7,-149
20,2,-84,295,278,30,72,6,-198
31,4,-102,250,264,47,119,2,-260
29,-1,-125,160,238,64,117,-17,-344
18,-20,-161,17,185,100,87,-90,-479
1,-53,-195,-192,98,159,17,-217,-634
-18,-99,-222,-472,-19,242,-50,-406,-748
-28,-162,-220,-795,-148,357,-109,-638,-772
-33,-233,-202,-1140,-261,497,-122,-911,-699
-26,-312,-172,-1467,-318,650,-109,-1202,-584
-19,-403,-126,-1716,-297,798,-104,-1530,-417
-19,-499,-91,-1847,-195,920,-104,-1884,-237
-13,-593,-62,-1828,-44,1003,-82,-2235,-151
12,-676,-54,-1679,118,1037,2,-2530,-105
43,-734,-53,-1387,248,1009,158,-2762,-99
60,-759,-64,-935,296,899,217,-2869,-143
107,-746,-98,-372,254,711,380,-2848,-250
128,-683,-127,159,235,463,454,-2669,-384
128,-589,-146,486,290,208,480,-2361,-465
81,-498,-118,558,405,-31,323,-2009,-393
31,-427,-71,462,487,-205,150,-1715,-226
-8,-378,-20,303,484,-313,1,-1530,-25
-50,-354,4,148,418,-366,-162,-1403,116
-66,-352,24,-14,315,-362,-252,-1385,189
-73,-384,19,-171,237,-321,-283,-1491,203
-85,-441,16,-301,202,-269,-322,-1675,196
-90,-504,11,-393,166,-217,-344,-1919,161
-102,-560,4,-461,115,-179,-390,-2148,125
-106,-594,3,-517,67,-162,-414,-2330,121
-90,-620,8,-575,52,-177,-367,-2424,134
-82,-627,13,-631,72,-234,-318,-2446,166
-63,-620,22,-665,111,-315,-260,-2415,182
-38,-602,24,-671,151,-401,-172,-2335,160
-19,-574,10,-656,193,-482,-88,-2233,135
0,-546,-1,-615,237,-550,0,-2117,124
27,-514,-3,-542,272,-611,79,-1979,109
42,-471,-13,-429,306,-660,145,-1819,84
60,-425,-18,-298,337,-692,210,-1649,65
60,-376,-15,-174,359,-715,236,-1464,80
70,-338,-18,-48,364,-726,270,-1326,43
70,-308,-32,28,370,-745,260,-1198,14
75,-280,-26,43,378,-742,276,-1093,39
67,-251,-17,43,388,-714,263,-976,67
69,-222,-13,48,393,-680,266,-867,90
71,-190,-2,63,397,-649,271,-753,110
71,-171,-18,74,410,-634,275,-674,71
71,-152,-14,36,436,-620,279,-610,70
70,-139,-9,-23,457,-600,268,-553,97
64,-135,-3,-80,475,-567,254,-537,109
58,-135,0,-129,496,-515,224,-536,118
52,-134,2,-171,512,-457,205,-528,133
36,-129,4,-185,523,-399,133,-500,143
20,-120,3,-176,506,-351,95,-467,144
16,-102,-4,-151,477,-295,75,-422,111
5,-98,-7,-84,483,-234,11,-375,105
3,-80,-11,27,521,-192,8,-311,83
2,-58,-28,156,576,-186,-2,-220,31
-10,-32,-35,261,658,-179,-44,-120,-1
-15,-6,-39,326,716,-152,-51,-20,-12
-11,12,-47,351,732,-131,-37,40,-43
-6,26,-55,338,721,-108,-23,103,-87
1,34,-60,283,705,-85,11,129,-114
13,36,-67,206,686,-48,47,134,-122
14,29,-62,134,658,-3,39,117,-120
5,24,-65,84,615,40,24,84,-128
0,10,-74,60,546,75,7,49,-140
1,1,-68,60,470,105,14,5,-139
3,-7,-63,85,393,121,26,-16,-119
6,-10,-66,135,316,126,21,-18,-118
5,-7,-64,201,247,121,10,-4,-121
1,1,-68,270,190,109,6,11,-144
0,1,-74,319,144,89,-4,16,-144
-2,2,-68,351,116,65,-3,26,-136
-1,2,-67,370,102,40,-7,14,-131
-4,-4,-58,381,107,14,-31,0,-100
-10,-4,-53,397,124,-9,-48,-17,-73
-20,-11,-52,415,145,-26,-92,-33,-78
-39,-11,-60,428,164,-41,-160,-37,-104
-55,-14,-72,436,169,-46,-217,-48,-160
-66,-24,-98,432,162,-36,-240,-81,-247
-48,-42,-129,397,140,-5,-196,-162,-376
-15,-73,-164,304,112,40,-74,-299,-507
34,-113,-175,124,109,62,100,-462,-568
70,-162,-163,-145,149,47,249,-647,-540
105,-215,-165,-489,206,-16,360,-875,-540
126,-287,-182,-884,291,-137,455,-1141,-592
150,-365,-212,-1310,399,-318,563,-1438,-717
157,-454,-242,-1745,526,-526,572,-1768,-838
139,-568,-251,-2100,668,-747,490,-2168,-909
108,-691,-222,-2201,817,-950,380,-2583,-813
69,-780,-162,-1906,925,-1110,290,-2914,-587
-12,-820,-112,-1267,905,-1170,12,-3084,-331
-61,-823,-90,-487,773,-1052,-182,-3133,-230
-106,-766,-88,210,598,-843,-379,-2923,-259
-113,-695,-91,637,449,-579,-440,-2667,-276
-104,-617,-86,812,319,-306,-391,-2388,-237
-96,-548,-79,829,191,-89,-341,-2111,-186
-67,-487,-72,775,71,89,-243,-1880,-163
-36,-445,-74,670,-15,231,-142,-1753,-179
-10,-440,-78,526,-48,316,-50,-1732,-199
5,-451,-88,404,-46,332,12,-1755,-232
25,-463,-98,327,-39,313,101,-1806,-262
49,-475,-89,278,-47,277,195,-1853,-235
66,-482,-77,245,-84,236,276,-1879,-191
84,-497,-69,215,-149,207,336,-1916,-154
98,-500,-51,171,-245,193,383,-1957,-92
102,-506,-33,121,-355,209,404,-1978,-20
103,-500,-19,89,-467,249,404,-1973,41
98,-496,-15,74,-572,306,383,-1932,71
97,-485,-14,77,-661,373,361,-1882,70
78,-469,-16,92,-709,438,300,-1818,70
62,-444,-16,118,-724,497,239,-1739,53
38,-424,-22,150,-709,548,144,-1650,49
29,-400,-23,180,-680,589,100,-1558,33
1,-370,-23,207,-659,618,3,-1432,53
-11,-338,-24,241,-659,650,-50,-1311,47
-24,-304,-20,269,-657,671,-102,-1180,44
-33,-279,-21,290,-650,690,-144,-1084,42
-44,-246,-21,311,-639,709,-162,-974,62
-44,-227,-21,337,-622,727,-200,-883,58
-59,-194,-13,360,-591,746,-231,-768,69
-57,-174,-17,382,-572,771,-221,-685,77
-48,-159,-16,393,-551,784,-193,-617,72
-45,-135,-10,392,-529,783,-197,-531,94
-40,-115,-5,392,-510,798,-175,-444,119
-13,-99,-2,394,-486,795,-64,-385,114
13,-99,-7,383,-450,754,26,-375,105
24,-91,2,354,-409,693,96,-353,130
51,-92,1,340,-381,621,188,-351,134
75,-92,-2,352,-361,537,286,-344,138
91,-90,-1,385,-344,436,339,-334,130
101,-87,-6,436,-348,328,382,-321,111
103,-75,-8,500,-364,218,395,-279,104
95,-57,-10,574,-386,112,361,-214,92
79,-35,-11,654,-417,25,318,-122,92
56,-2,-15,732,-457,-56,238,-5,68
44,32,-33,788,-506,-125,176,112,29
34,57,-42,808,-557,-172,123,209,-5
2,84,-38,787,-603,-215,20,311,7
-3,100,-48,751,-645,-234,-25,380,-21
-16,112,-50,683,-654,-246,-58,408,-61
-19,111,-58,572,-614,-255,-94,403,-91
-23,96,-71,412,-523,-260,-113,359,-126
-21,73,-67,222,-380,-262,-129,266,-134
-21,41,-65,44,-203,-255,-122,166,-123
-15,13,-65,-82,-3,-241,-101,61,-102
-6,-17,-61,-145,206,-220,-65,-28,-97
0,-40,-55,-158,404,-199,-21,-117,-100
13,-56,-54,-132,571,-184,16,-188,-89
19,-64,-52,-61,696,-169,60,-225,-79
27,-67,-54,52,769,-155,101,-237,-78
33,-65,-52,191,788,-140,125,-234,-78
38,-57,-51,336,760,-120,139,-206,-77
40,-47,-53,479,699,-97,149,-173,-73
38,-34,-57,594,628,-75,139,-132,-86
42,-28,-63,661,564,-42,158,-104,-103
50,-29,-75,662,521,-7,179,-108,-182
44,-37,-117,597,492,30,179,-162,-319
35,-56,-169,464,465,73,155,-241,-514
24,-83,-213,234,425,123,106,-356,-723
-4,-118,-262,-119,326,189,5,-519,-914
-48,-171,-258,-612,173,262,-148,-731,-921
-78,-249,-233,-1198,6,366,-288,-1023,-812
-87,-350,-191,-1757,-125,540,-345,-1395,-649
-87,-474,-155,-2172,-138,759,-384,-1829,-514
-93,-606,-101,-2386,-13,990,-400,-2316,-311
-69,-728,-58,-2333,196,1206,-314,-2743,-133
2,-813,-27,-1976,424,1373,-50,-3063,0
56,-851,-23,-1312,595,1412,191,-3200,13
115,-831,-47,-471,641,1300,422,-3139,-69
183,-757,-107,372,577,1036,688,-2890,-283
198,-630,-149,989,510,651,744,-2473,-470
187,-506,-136,1219,515,283,716,-2036,-442
178,-409,-104,1167,555,-20,654,-1650,-306
148,-337,-65,1002,623,-251,540,-1356,-147
117,-289,-45,803,722,-401,431,-1165,-50
92,-282,-28,588,851,-459,339,-1109,15
62,-302,-22,376,986,-432,242,-1172,60
38,-343,-8,186,1102,-350,137,-1340,91
2,-401,2,-2,1170,-255,25,-1563,124
-37,-454,9,-194,1174,-174,-127,-1778,154
-67,-497,14,-379,1146,-105,-234,-1940,179
-86,-525,24,-555,1127,-58,-325,-2047,208
-94,-543,33,-715,1126,-42,-347,-2131,242
-88,-553,36,-853,1138,-74,-357,-2167,266
-84,-555,38,-971,1162,-145,-342,-2177,259
-76,-545,30,-1052,1179,-247,-316,-2134,237
-62,-528,16,-1096,1185,-370,-270,-2069,186
-51,-503,10,-1099,1188,-494,-214,-1971,166
-31,-474,4,-1056,1179,-614,-137,-1852,135
-19,-438,1,-971,1151,-726,-79,-1689,121
-4,-404,-9,-856,1099,-813,0,-1544,110
1,-356,6,-728,1035,-868,13,-1354,142
18,-315,-13,-582,962,-887,78,-1195,87
26,-274,-27,-487,899,-886,102,-1081,22
41,-258,-34,-469,855,-859,150,-1019,-5
57,-241,-23,-480,821,-840,212,-929,31
52,-220,-26,-456,788,-805,210,-848,36
52,-210,-26,-410,751,-752,207,-815,37
52,-203,-32,-366,701,-700,203,-787,20
44,-184,-22,-342,653,-677,186,-728,31
33,-188,-30,-327,611,-657,123,-720,34
18,-191,-26,-307,583,-581,76,-740,34
1,-193,-6,-285,558,-474,21,-761,104
-13,-194,15,-257,497,-372,-43,-743,175
-31,-186,24,-190,414,-274,-95,-718,209
-39,-177,23,-83,308,-176,-135,-667,225
-44,-158,27,61,211,-76,-157,-595,227
-55,-126,21,247,143,24,-208,-480,215
-60,-98,12,426,76,120,-225,-375,179
-57,-72,-2,563,24,197,-221,-276,121
-51,-47,-23,634,-4,247,-212,-184,69
-43,-22,-30,658,-5,275,-177,-100,38
-20,-6,-34,643,14,284,-99,-34,6
-7,12,-43,592,48,275,-34,32,-21
20,35,-41,519,98,253,54,101,-36
39,48,-47,437,162,220,125,161,-41
56,68,-45,347,226,182,199,239,-42
72,76,-49,253,283,135,268,283,-53
76,81,-59,159,323,88,287,301,-94
75,75,-65,58,333,51,297,287,-122
68,72,-72,-37,308,25,276,269,-158
62,59,-85,-116,253,14,252,209,-187
54,40,-88,-179,196,8,208,153,-226
42,30,-90,-237,142,11,148,99,-238
28,13,-92,-273,89,24,91,56,-240
10,4,-95,-280,35,44,41,23,-245
-1,-4,-100,-265,-17,66,-8,-9,-253
-15,-13,-105,-244,-70,82,-67,-39,-264
-30,-21,-102,-212,-115,92,-130,-67,-290
-43,-31,-122,-177,-146,101,-168,-112,-363
-33,-47,-141,-162,-159,108,-143,-170,-437
-13,-63,-170,-177,-157,111,-55,-246,-546
19,-92,-192,-229,-132,92,60,-358,-643
49,-121,-212,-322,-82,48,181,-491,-716
82,-169,-214,-464,-13,-31,300,-679,-729
97,-223,-210,-646,73,-141,333,-903,-687
95,-296,-188,-842,150,-278,346,-1153,-619
87,-367,-173,-1026,197,-447,314,-1428,-573
60,-451,-161,-1132,230,-623,214,-1744,-520
21,-541,-140,-1089,287,-769,56,-2063,-447
-7,-617,-120,-844,373,-837,-51,-2318,-383
-43,-669,-105,-436,484,-854,-172,-2517,-301
-94,-687,-73,58,565,-829,-349,-2619,-176
-134,-676,-48,561,534,-737,-503,-2595,-90
-176,-630,-49,958,408,-581,-658,-2450,-76
-187,-561,-71,1170,247,-351,-717,-2225,-144
-178,-488,-88,1174,62,-104,-670,-1960,-223
-137,-431,-91,1005,-159,79,-513,-1724,-246
-84,-374,-85,734,-398,177,-311,-1511,-224
-23,-337,-85,420,-629,211,-101,-1357,-210
21,-315,-86,99,-805,213,81,-1273,-213
63,-321,-92,-217,-905,206,223,-1279,-238
95,-344,-100,-494,-925,202,336,-1365,-275
132,-387,-112,-692,-866,209,462,-1500,-322
163,-430,-116,-791,-739,220,569,-1699,-349
188,-474,-114,-815,-568,225,694,-1866,-336
201,-521,-105,-801,-370,229,751,-2055,-280
212,-570,-78,-748,-191,230,788,-2222,-193
217,-598,-60,-663,-56,237,806,-2340,-112
205,-615,-37,-559,21,268,779,-2394,-27
193,-625,-18,-426,48,332,737,-2410,33
180,-605,-17,-271,41,426,688,-2339,43
163,-586,-20,-162,11,498,603,-2272,37
125,-558,-15,-104,-29,548,466,-2157,57
90,-526,-15,-56,-79,592,335,-2026,64
52,-493,-9,6,-131,617,200,-1883,80
37,-455,-7,101,-169,626,130,-1752,81
2,-409,-5,186,-175,616,10,-1618,86
-32,-376,0,255,-175,601,-92,-1477,119
-40,-347,-3,321,-187,595,-177,-1363,128
-66,-308,5,388,-213,591,-251,-1223,144
-73,-273,10,453,-256,594,-280,-1094,142
-83,-241,2,485,-290,594,-321,-957,146
-87,-205,8,486,-314,616,-344,-837,152
-102,-174,9,476,-335,651,-375,-712,156
-109,-152,6,455,-349,696,-411,-624,160
-96,-129,4,427,-352,746,-381,-528,159
-77,-110,7,400,-349,791,-333,-450,181
-54,-103,0,368,-358,819,-250,-411,131
-19,-95,-2,307,-349,837,-140,-379,118
-5,-91,-6,233,-319,825,-45,-347,109
18,-89,-15,158,-291,801,25,-346,98
46,-89,-6,93,-269,777,140,-346,98
76,-99,-3,71,-255,727,278,-361,124
92,-89,-19,129,-240,650,332,-342,74
102,-80,-20,191,-193,576,374,-306,59
110,-68,-17,271,-165,506,422,-249,64
106,-48,-21,371,-178,417,414,-178,55
97,-24,-22,479,-231,317,385,-81,40
85,7,-39,569,-309,212,337,21,15
59,24,-33,634,-392,110,237,95,11
38,39,-42,665,-484,9,150,150,-14
13,61,-42,655,-571,-91,60,220,-13
-4,65,-40,617,-639,-175,-4,241,-16
-12,63,-46,560,-678,-250,-51,227,-27
-27,50,-39,503,-687,-318,-101,199,-7
-35,36,-32,456,-674,-377,-146,144,11
-42,21,-29,435,-639,-424,-187,86,11
-45,6,-31,424,-583,-456,-190,30,23
-42,-11,-27,428,-507,-478,-195,-24,25
-37,-25,-33,459,-411,-491,-185,-75,18
-37,-31,-34,510,-294,-484,-171,-101,9
-25,-40,-43,574,-157,-456,-140,-131,-3
-17,-40,-43,645,-19,-420,-94,-145,-15
-4,-40,-47,708,106,-379,-45,-143,-38
5,-35,-53,755,210,-335,4,-134,-62
17,-35,-47,780,292,-286,57,-120,-64
36,-29,-44,798,353,-238,111,-108,-58
45,-26,-51,814,402,-192,154,-94,-63
62,-22,-66,814,450,-153,215,-90,-112
84,-26,-85,780,500,-121,298,-94,-183
81,-32,-100,696,549,-94,300,-123,-281
62,-52,-152,560,577,-52,252,-210,-424
46,-94,-187,360,575,27,197,-354,-591
18,-145,-218,84,524,122,96,-556,-734
-15,-199,-227,-259,377,237,-8,-777,-786
-35,-260,-189,-656,169,374,-93,-1018,-702
-42,-339,-153,-1063,-2,551,-153,-1298,-518
-55,-426,-137,-1412,-90,770,-215,-1633,-422
-53,-520,-118,-1655,-67,1007,-236,-2059,-355
-34,-621,-122,-1758,64,1220,-177,-2399,-374
-6,-716,-130,-1689,277,1366,-58,-2732,-410
38,-789,-124,-1369,524,1422,137,-2970,-400
105,-804,-131,-768,710,1341,380,-3020,-424
140,-760,-130,-19,830,1101,517,-2873,-425
181,-666,-144,672,884,765,676,-2555,-473
182,-545,-146,1099,937,380,670,-2119,-481
161,-426,-133,1196,1012,24,584,-1698,-431
117,-337,-112,1031,1111,-243,430,-1368,-326
71,-268,-81,712,1201,-414,289,-1091,-208
11,-233,-59,321,1285,-506,57,-954,-104
-33,-238,-50,-58,1333,-481,-105,-955,-60
-47,-280,-36,-386,1325,-355,-171,-1108,-12
-54,-352,-17,-631,1258,-179,-202,-1366,57
-69,-425,-4,-726,1159,-15,-260,-1633,97
-89,-490,1,-693,1054,84,-333,-1873,123
-113,-538,9,-598,975,120,-436,-2076,133
-139,-567,12,-515,927,111,-524,-2218,163
-143,-586,16,-464,911,75,-563,-2286,190
-144,-598,26,-456,917,-4,-561,-2339,230
-131,-608,36,-490,923,-125,-519,-2375,249
-116,-596,39,-528,934,-271,-476,-2326,270
-97,-564,42,-526,942,-407,-399,-2211,273
-72,-527,32,-473,944,-535,-292,-2061,252
-47,-479,26,-373,962,-637,-191,-1872,235
-19,-437,17,-263,988,-697,-96,-1713,192
10,-400,10,-184,1009,-722,15,-1578,161
39,-360,9,-133,1026,-730,135,-1435,145
61,-317,2,-94,1036,-731,219,-1261,145
60,-284,2,-72,1056,-726,222,-1133,135
60,-261,6,-85,1058,-689,243,-1030,135
75,-241,-6,-95,1044,-634,280,-913,118
76,-219,-13,-108,1029,-609,287,-850,82
80,-210,-14,-145,1024,-602,297,-811,82
71,-205,-5,-175,1015,-595,270,-793,124
58,-189,-4,-137,993,-568,226,-716,105
65,-176,-10,-71,972,-579,240,-674,91
64,-167,-20,-2,979,-601,233,-638,61
43,-152,-14,22,994,-606,160,-605,83
34,-159,0,1,985,-599,124,-612,112
3,-149,5,-32,952,-589,17,-580,154
-11,-140,13,-46,885,-559,-18,-541,173
-18,-134,14,-44,811,-522,-48,-505,192
-18,-121,26,-24,749,-485,-77,-462,226
-20,-106,30,27,718,-449,-87,-395,238
-12,-98,20,117,712,-406,-86,-340,222
-18,-71,13,238,747,-360,-88,-260,182
-11,-45,1,358,807,-318,-58,-156,142
-7,-11,-10,449,868,-293,-27,-48,105
2,14,-24,488,922,-263,-4,48,43
13,41,-32,474,981,-228,44,130,9
20,58,-41,406,1036,-194,78,196,-23
22,74,-46,286,1074,-158,88,247,-45
32,73,-57,124,1092,-116,116,257,-71
22,69,-51,-63,1087,-66,85,243,-63
19,59,-51,-216,1041,-3,97,194,-70
23,37,-58,-320,976,53,87,145,-84
20,19,-60,-375,899,100,79,82,-104
15,6,-63,-399,806,128,68,26,-123
10,-14,-64,-394,699,145,44,-27,-125
3,-31,-69,-363,584,153,24,-97,-132
-4,-49,-66,-305,460,153,2,-149,-126
-11,-58,-66,-207,341,141,-33,-193,-118
-15,-73,-69,-68,239,128,-59,-242,-136
-20,-74,-68,98,166,116,-77,-251,-153
-26,-72,-76,268,124,106,-109,-241,-173
-33,-58,-74,421,104,105,-123,-214,-165
-33,-53,-68,545,108,111,-142,-185,-158
-54,-39,-84,638,127,125,-219,-141,-200
-79,-30,-103,681,150,148,-308,-109,-278
-78,-31,-129,669,161,186,-293,-135,-394
-37,-50,-163,605,174,232,-145,-220,-528
11,-75,-186,473,206,251,43,-322,-633
78,-112,-211,290,286,242,297,-447,-706
145,-148,-202,54,443,178,548,-634,-688
203,-213,-175,-262,647,33,770,-889,-573
241,-294,-134,-647,816,-207,928,-1188,-423
300,-368,-158,-1037,875,-543,1119,-1474,-505
281,-436,-198,-1425,882,-960,1064,-1734,-688
271,-519,-226,-1733,882,-1321,991,-2022,-814
214,-599,-239,-1870,947,-1588,770,-2301,-854
132,-670,-201,-1726,1058,-1737,465,-2518,-712
37,-688,-144,-1254,1121,-1738,115,-2566,-481
-61,-668,-104,-563,1110,-1575,-227,-2512,-315
-159,-621,-64,150,1049,-1242,-602,-2349,-130
-206,-542,-47,738,958,-765,-793,-2085,-63
-223,-449,-47,1080,834,-267,-834,-1774,-51
-230,-362,-39,1145,637,140,-858,-1445,-38
-233,-294,-39,993,352,433,-863,-1162,-52
-200,-239,-63,712,44,604,-766,-981,-131
-154,-223,-109,360,-205,627,-599,-904,-293
-98,-235,-153,-11,-349,545,-421,-936,-449
-60,-266,-171,-347,-403,424,-287,-1032,-532
-18,-308,-161,-605,-406,338,-121,-1178,-529
16,-354,-138,-771,-391,290,13,-1332,-465
51,-399,-117,-856,-405,269,162,-1499,-339
81,-452,-80,-886,-467,276,289,-1735,-223
107,-500,-54,-865,-565,310,411,-1923,-119
137,-546,-31,-817,-681,368,509,-2107,-11
153,-580,-4,-749,-792,435,580,-2243,86
163,-611,11,-671,-876,506,612,-2370,143
169,-638,33,-612,-920,573,630,-2473,227
174,-657,42,-547,-927,640,643,-2543,270
173,-648,51,-479,-915,702,654,-2537,308
170,-636,51,-400,-856,750,630,-2475,315
161,-615,61,-317,-747,785,574,-2384,347
136,-588,69,-231,-617,809,508,-2292,376
113,-558,75,-126,-487,831,437,-2183,398
94,-530,74,-13,-383,854,371,-2084,406
77,-499,70,91,-316,876,298,-1974,396
72,-485,69,161,-265,901,264,-1889,395
53,-464,73,198,-224,925,205,-1814,395
41,-439,72,191,-213,950,171,-1736,406
27,-422,73,149,-228,970,107,-1664,414
9,-400,74,97,-263,989,33,-1592,409
-6,-378,56,57,-314,1015,-10,-1497,366
-3,-360,50,20,-364,1042,-21,-1423,317
-1,-341,31,-14,-404,1052,6,-1344,265
5,-322,14,-39,-422,1047,2,-1270,197
-7,-295,10,-69,-435,1030,-1,-1189,151
2,-273,-4,-77,-447,1016,5,-1077,129
0,-253,-21,-74,-453,999,-23,-993,55
2,-242,-22,-106,-444,959,-21,-943,40
0,-217,-12,-135,-428,896,7,-856,74
4,-197,-12,-130,-425,829,0,-779,77
0,-179,-4,-108,-426,748,14,-706,108
3,-152,4,-80,-438,654,9,-607,138
-10,-122,-3,-42,-475,555,-30,-497,118
-14,-91,-15,-5,-532,459,-53,-350,71
-12,-70,-33,7,-585,364,-39,-275,13
-20,-46,-40,-1,-616,262,-78,-180,-9
-18,-31,-43,-9,-642,170,-69,-90,-13
-14,-9,-43,-9,-670,84,-53,-29,-14
-29,11,-38,-9,-695,10,-123,46,6
-23,25,-43,-3,-720,-31,-100,109,-31
-18,43,-52,-17,-736,-54,-81,160,-65
-17,54,-57,-51,-736,-66,-63,194,-83
-3,59,-59,-109,-725,-72,-22,218,-97
9,49,-68,-180,-700,-75,20,176,-118
18,32,-65,-274,-670,-103,57,114,-122
29,9,-64,-381,-638,-145,93,34,-109
44,-16,-58,-471,-598,-187,154,-71,-83
53,-46,-42,-518,-550,-237,187,-164,-33
57,-78,-24,-513,-491,-283,211,-273,40
57,-94,-18,-419,-431,-329,212,-326,57
61,-97,-14,-267,-366,-369,214,-346,72
52,-94,-15,-78,-292,-404,189,-329,74
42,-91,-26,151,-220,-427,159,-316,46
32,-71,-47,378,-172,-447,115,-253,-29
16,-56,-62,551,-135,-461,61,-204,-101
-2,-42,-73,648,-102,-454,-2,-153,-156
-16,-28,-83,689,-79,-421,-61,-104,-181
-27,-21,-79,697,-57,-365,-105,-92,-203
-28,-17,-93,683,-36,-291,-126,-66,-230
-31,-13,-113,650,-18,-206,-126,-50,-292
-24,-15,-127,580,-7,-114,-112,-74,-364
-26,-31,-142,468,-2,-13,-102,-113,-430
-20,-57,-162,326,-7,100,-96,-217,-503
-19,-97,-169,160,-12,218,-95,-363,-560
-13,-148,-171,-31,-4,330,-67,-552,-564
3,-197,-166,-210,24,443,-18,-747,-517
19,-251,-146,-355,87,550,37,-1003,-465
48,-298,-139,-462,179,648,159,-1167,-430
52,-348,-107,-530,328,713,194,-1341,-333
75,-383,-111,-507,470,728,265,-1476,-294
76,-413,-90,-397,593,692,279,-1582,-252
70,-437,-83,-178,658,627,263,-1639,-204
86,-430,-91,121,652,529,320,-1627,-237
77,-408,-94,404,645,384,300,-1554,-254
70,-362,-106,608,618,231,248,-1393,-290
45,-310,-114,679,608,95,173,-1226,-339
30,-271,-133,595,600,-15,88,-1084,-413
-2,-236,-160,366,595,-103,-24,-964,-505
-36,-208,-171,24,602,-153,-138,-867,-547
-53,-211,-182,-347,598,-150,-215,-808,-593
-70,-207,-177,-660,588,-114,-278,-823,-589
-84,-219,-167,-864,575,-72,-321,-852,-540
-87,-245,-155,-968,528,-25,-324,-948,-483
-68,-280,-133,-996,451,11,-270,-1080,-414
-58,-316,-109,-979,401,23,-226,-1228,-319
-50,-358,-85,-941,385,4,-198,-1370,-222
-35,-386,-59,-894,400,-35,-162,-1494,-126
-21,-416,-41,-849,449,-71,-123,-1607,-28
-5,-440,-25,-821,515,-116,-36,-1719,33
10,-461,-13,-816,590,-179,17,-1788,61
20,-464,-2,-830,666,-251,55,-1831,88
21,-472,-6,-830,734,-310,50,-1831,104
28,-463,-10,-806,792,-343,85,-1804,87
30,-455,-23,-760,845,-360,99,-1764,49
36,-430,-28,-706,891,-374,122,-1675,20
34,-403,-34,-644,937,-371,119,-1567,10
32,-378,-32,-589,989,-365,124,-1477,-6
27,-352,-26,-535,1036,-360,104,-1381,35
21,-322,-20,-467,1076,-355,80,-1257,44
14,-299,-15,-396,1099,-348,60,-1134,67
18,-269,-17,-333,1094,-350,53,-1035,68
17,-250,-16,-293,1065,-359,65,-957,64
21,-236,-19,-276,1022,-372,79,-898,58
26,-215,-19,-279,976,-381,95,-826,59
36,-204,-11,-297,942,-397,125,-786,84
44,-194,-2,-305,925,-415,169,-739,116
57,-179,5,-285,936,-428,212,-666,151
59,-157,6,-239,970,-430,211,-585,136
61,-128,4,-198,1026,-424,230,-492,143
50,-99,-5,-163,1087,-416,199,-398,113
37,-79,-16,-154,1135,-394,145,-306,71
26,-62,-37,-184,1149,-361,91,-226,4
4,-45,-48,-272,1139,-316,14,-193,-47
-8,-48,-53,-417,1118,-268,-38,-201,-76
-13,-64,-48,-602,1110,-215,-60,-272,-49
-11,-94,-40,-795,1114,-169,-42,-385,-15
-4,-128,-23,-980,1122,-132,-29,-514,36
-5,-171,-11,-1115,1125,-98,-35,-656,90
-9,-196,4,-1173,1119,-59,-37,-756,133
-17,-219,13,-1137,1108,0,-55,-836,171
-18,-236,13,-1034,1081,58,-68,-898,187
-24,-243,10,-890,1033,98,-90,-926,159
-37,-246,-14,-751,976,122,-143,-935,74
-69,-241,-48,-643,948,135,-263,-933,-43
-97,-234,-73,-589,930,141,-373,-915,-167
-121,-234,-100,-601,917,152,-464,-910,-250
-127,-238,-101,-623,893,159,-498,-933,-283
-112,-253,-107,-593,847,161,-442,-963,-295
-98,-266,-97,-478,794,128,-388,-996,-260
-90,-260,-89,-278,711,87,-334,-978,-220
-96,-236,-94,1,604,64,-361,-891,-275
-103,-183,-136,319,485,86,-394,-645,-435
-92,-118,-190,582,398,163,-361,-407,-661
-71,-47,-261,703,382,303,-299,-152,-970
-38,15,-328,617,394,478,-102,36,-1213
18,53,-380,291,384,649,112,109,-1436
85,27,-440,-294,327,783,362,-8,-1672
145,-58,-479,-1043,273,875,540,-367,-1819
175,-185,-487,-1758,297,917,669,-811,-1832
200,-308,-461,-2293,387,864,740,-1253,-1741
212,-425,-392,-2574,498,738,786,-1674,-1454
175,-579,-279,-2620,597,566,678,-2130,-1078
125,-698,-176,-2466,707,349,480,-2583,-676
70,-786,-110,-2147,818,127,276,-2955,-372
25,-811,-84,-1727,973,-43,70,-3136,-224
-21,-790,-112,-1349,1213,-110,-101,-3092,-296
-50,-755,-147,-1146,1443,-87,-177,-2978,-447
-79,-710,-191,-1108,1524,4,-266,-2807,-622
-108,-668,-243,-1168,1380,165,-364,-2649,-824
-120,-626,-285,-1282,1089,361,-419,-2484,-1002
-125,-588,-303,-1425,772,551,-446,-2333,-1100
-127,-553,-300,-1560,504,706,-469,-2190,-1113
-129,-537,-278,-1660,298,808,-507,-2099,-1033
-126,-536,-244,-1703,123,869,-505,-2065,-903
-122,-536,-210,-1687,-30,895,-455,-2084,-787
-98,-545,-194,-1635,-164,894,-403,-2108,-682
-72,-555,-173,-1570,-270,878,-291,-2144,-594
-43,-554,-155,-1503,-335,852,-202,-2145,-523
-13,-555,-147,-1430,-368,825,-90,-2152,-471
22,-551,-141,-1363,-362,787,37,-2144,-459
43,-535,-136,-1318,-315,716,137,-2107,-440
63,-520,-138,-1299,-253,649,211,-2044,-436
69,-503,-142,-1284,-204,587,252,-1966,-448
63,-475,-141,-1263,-169,538,248,-1842,-439
60,-447,-140,-1228,-135,517,204,-1722,-447
58,-417,-142,-1174,-87,523,203,-1611,-444
49,-377,-127,-1109,1,538,180,-1451,-397
47,-327,-119,-1031,112,571,160,-1285,-352
48,-283,-107,-942,234,609,164,-1095,-305
45,-234,-96,-838,366,645,157,-907,-263
56,-193,-97,-729,486,675,195,-737,-249
66,-148,-92,-623,597,678,231,-562,-235
74,-108,-87,-511,709,662,255,-409,-219
81,-75,-91,-412,829,619,292,-291,-227
78,-50,-84,-341,956,547,284,-181,-195
80,-32,-78,-277,1061,467,300,-117,-162
81,-19,-60,-207,1140,367,300,-55,-112
88,-5,-52,-118,1196,245,328,5,-74
91,16,-37,-36,1256,114,335,76,-15
99,27,-34,48,1322,-6,351,131,22
91,51,-31,114,1396,-133,334,193,16
76,73,-24,154,1477,-259,306,262,31
52,83,-23,178,1543,-367,216,321,54
21,94,-14,186,1575,-429,99,367,67
4,102,-21,194,1579,-426,19,397,68
-8,105,-21,199,1581,-383,-33,394,62
-18,102,-32,193,1599,-328,-55,367,42
-18,90,-36,165,1639,-275,-72,335,13
-21,81,-32,110,1701,-219,-95,304,12
-24,71,-29,54,1770,-165,-102,276,24
-21,64,-30,15,1839,-116,-101,250,22
-19,56,-34,-6,1905,-79,-82,222,15
-14,51,-40,-2,1962,-52,-63,196,-8
-12,47,-50,20,2011,-37,-47,183,-50
-9,43,-60,52,2046,-30,-41,165,-96
-7,43,-65,96,2077,-33,-36,168,-124
-5,37,-75,154,2098,-40,-21,150,-153
5,35,-76,209,2126,-52,8,141,-179
7,32,-76,245,2168,-66,24,128,-160
14,33,-66,274,2212,-74,50,128,-122
19,25,-57,302,2248,-89,61,108,-90
16,21,-53,334,2267,-110,62,96,-71
17,24,-51,371,2280,-131,64,102,-57
17,29,-52,419,2291,-146,63,124,-59
17,35,-53,468,2307,-152,57,139,-68
11,39,-53,491,2319,-154,39,144,-76
-2,39,-55,483,2324,-154,-1,146,-75
-14,35,-57,454,2317,-152,-48,133,-75
-23,38,-54,421,2301,-142,-103,129,-70
-46,29,-48,397,2274,-124,-169,120,-50
-63,29,-45,394,2238,-98,-241,120,-35
-73,27,-46,413,2199,-71,-277,103,-29
-79,27,-51,440,2166,-53,-300,105,-59
-65,24,-54,468,2143,-55,-271,96,-81
-53,26,-57,480,2130,-87,-205,100,-107
-36,31,-68,483,2129,-144,-153,110,-137
-12,31,-77,470,2139,-208,-63,123,-159
21,30,-85,445,2165,-281,48,127,-188
47,31,-92,406,2219,-367,167,120,-214
69,31,-96,359,2293,-450,251,123,-234
96,27,-95,299,2360,-519,334,105,-242
119,21,-101,231,2414,-579,431,86,-266
136,10,-114,148,2459,-628,500,29,-299
135,-10,-116,60,2494,-660,518,-33,-326
122,-35,-115,-15,2497,-669,477,-119,-326
90,-75,-105,-52,2451,-634,380,-237,-292
46,-105,-101,31,2332,-546,205,-386,-278
4,-100,-86,158,2250,-432,47,-363,-208
-36,-85,-66,273,2193,-307,-110,-303,-106
-63,-71,-44,370,2145,-177,-254,-254,-30
-93,-49,-33,453,2089,-65,-356,-164,12
-95,-27,-26,498,2039,22,-373,-73,28
-89,10,-36,520,1993,62,-331,35,8
-68,27,-54,500,1973,53,-273,110,-67
-38,41,-66,429,1959,1,-178,133,-146
-26,53,-104,310,1926,-90,-48,167,-273
6,30,-126,136,1876,-215,59,96,-359
51,12,-134,-54,1795,-358,200,18,-419
91,-18,-150,-230,1703,-512,337,-62,-467
134,-54,-155,-335,1642,-643,502,-193,-483
151,-86,-147,-346,1645,-751,563,-313,-474
176,-109,-154,-253,1691,-806,659,-402,-474
180,-117,-149,-133,1827,-831,664,-430,-459
175,-127,-139,-23,2011,-811,634,-494,-427
157,-129,-120,69,2246,-768,552,-493,-348
139,-125,-106,134,2493,-693,486,-470,-296
103,-131,-76,175,2750,-609,354,-479,-174
65,-115,-61,256,2976,-534,241,-415,-106
48,-85,-63,356,3195,-477,158,-313,-100
24,-52,-63,402,3423,-447,58,-203,-119
15,-16,-73,394,3630,-426,31,-79,-152
-7,15,-75,302,3819,-418,-30,30,-162
-5,37,-78,170,3922,-401,-48,131,-162
-25,54,-74,27,3957,-376,-78,180,-141
-34,54,-62,-102,3934,-360,-113,198,-94
-38,57,-49,-198,3849,-347,-155,195,-36
-18,62,-63,-269,3761,-323,-71,217,-99
-41,41,-56,-370,3711,-296,-122,157,-86
-45,25,-85,-420,3604,-290,-165,97,-185
-79,9,-121,-416,3433,-285,-270,36,-383
-80,-20,-167,-402,3233,-259,-283,-83,-549
-67,-55,-191,-408,3078,-233,-237,-222,-659
-50,-102,-218,-410,2961,-243,-171,-384,-759
-17,-134,-259,-388,2857,-292,-39,-523,-929
26,-166,-308,-374,2748,-366,132,-643,-1146
59,-196,-373,-396,2617,-453,254,-775,-1416
94,-238,-448,-483,2469,-549,371,-926,-1737
110,-274,-544,-647,2281,-655,439,-1088,-2120
105,-335,-636,-874,2003,-761,436,-1347,-2495
70,-418,-697,-1187,1603,-908,290,-1693,-2729
-46,-505,-708,-1629,1160,-1101,-221,-2060,-2770
-189,-608,-700,-2143,821,-1175,-790,-2420,-2736
-354,-691,-617,-2583,652,-1011,-1408,-2725,-2363
-403,-782,-398,-2840,477,-695,-1533,-2980,-1439
-324,-811,-132,-2740,240,-425,-1197,-3088,-407
-185,-794,45,-2331,2,-244,-679,-2997,307
-29,-712,205,-1745,-112,-179,-105,-2657,951
139,-589,269,-990,-28,-270,485,-2194,1215
215,-429,300,-304,266,-536,776,-1590,1314
310,-254,312,192,612,-889,1169,-933,1387
430,-90,283,490,938,-1275,1617,-348,1265
551,69,278,555,1287,-1679,2101,261,1235
626,213,202,448,1543,-2073,2396,824,954
661,286,111,296,1731,-2441,2542,1126,598
617,300,40,159,1840,-2787,2467,1193,328
544,216,-33,-78,1906,-3085,2137,921,96
517,103,-91,-365,1930,-3345,1998,500,-162
562,-14,-161,-638,1943,-3673,2075,28,-463
814,-125,-289,-967,2005,-4108,2768,-363,-848
1062,-278,-416,-1405,2251,-4692,3779,-931,-1434
754,-385,-322,-2013,2552,-5360,3388,-1403,-1462
1619,-755,-565,-2585,2426,-5817,5679,-2539,-2270
1487,-1007,-394,-2996,2161,-6738,6048,-3836,-1656
1228,-1011,-298,-3161,1220,-7654,4984,-3877,-1243
1203,-852,-217,-3028,-28,-7850,4703,-3269,-819
1219,-539,-103,-2486,-975,-7612,4749,-2161,-400
1148,-249,73,-2082,-1518,-7128,4586,-1227,336
1070,23,307,-2217,-1716,-6498,4287,-88,1302
898,244,340,-2309,-1885,-5843,3522,882,1269
619,170,325,-2247,-2031,-5174,2581,774,1572
807,385,52,-1470,-2227,-4938,3178,1453,306
697,244,31,-1018,-3232,-4773,3012,970,233
-24,177,-24,-959,-3375,-4450,-59,624,198
-7,55,22,-1149,-2637,-4262,-220,313,183
150,-36,6,-1122,-1974,-3910,507,-26,230
65,-75,-45,-679,-1464,-3758,137,-262,-54
320,93,-49,-253,-1262,-3656,1133,302,-21
366,204,-52,-116,-1017,-3655,1283,683,-44
461,254,-65,-350,-627,-3529,1634,938,-127
567,264,-51,-680,-109,-3339,2038,1009,-69
517,273,-8,-837,252,-3063,2022,1090,84
485,210,-76,-730,282,-2652,1884,895,-112
520,203,-183,-585,126,-2265,2080,787,-556
431,189,-240,-556,-173,-2142,1776,786,-794
343,129,-288,-514,-310,-2053,1375,577,-991
247,55,-273,-495,-213,-1880,986,255,-973
210,-26,-231,-487,-53,-1759,741,-9,-832
224,-72,-216,-420,147,-1741,819,-224,-747
190,-125,-174,-364,296,-1814,718,-471,-591
248,-129,-119,-308,555,-1872,840,-473,-415
312,-65,-103,-171,812,-1935,1147,-259,-293
343,-12,-128,32,904,-2014,1374,-5,-398
380,-2,-111,255,916,-2099,1418,58,-337
302,72,-164,604,915,-2167,1168,274,-515
332,75,-187,820,835,-2059,1237,367,-578
272,117,-214,1017,867,-1955,1034,508,-756
236,147,-229,1137,943,-1779,893,619,-795
247,217,-240,1168,1124,-1554,904,832,-836
254,209,-219,1112,1276,-1290,948,846,-740
240,242,-224,1056,1413,-1078,920,935,-775
253,255,-239,894,1441,-916,961,988,-814
254,261,-243,707,1408,-813,969,1014,-844
252,247,-239,474,1418,-719,945,940,-828
257,221,-230,230,1477,-639,974,850,-770
264,207,-216,56,1542,-582,1007,777,-737
285,203,-200,-83,1562,-552,1097,785,-690
271,182,-190,-180,1565,-564,1047,719,-635
265,172,-185,-242,1546,-575,1024,677,-609
272,172,-184,-270,1517,-595,1046,673,-604
269,179,-178,-298,1519,-608,1012,677,-574
270,188,-171,-344,1563,-616,1012,730,-555
255,173,-139,-436,1615,-586,996,703,-476
258,178,-130,-552,1672,-534,978,697,-395
263,185,-116,-605,1711,-478,975,683,-315
244,169,-92,-654,1758,-407,956,668,-243
238,157,-77,-675,1763,-343,914,635,-167
232,145,-50,-678,1747,-277,885,593,-110
233,134,-47,-665,1717,-203,894,522,-45
232,116,-27,-640,1713,-138,896,464,11
234,105,-7,-590,1702,-87,894,421,83
225,103,11,-517,1681,-57,859,407,153
209,108,21,-424,1638,-57,817,433,203
189,112,21,-318,1556,-83,739,452,216
180,120,21,-211,1450,-109,702,484,207
165,129,12,-114,1355,-130,658,495,182
150,123,8,-43,1273,-142,577,477,150
143,114,6,-13,1203,-124,552,419,146
144,92,-6,-16,1150,-93,543,362,133
149,80,-3,-31,1114,-64,562,299,118
151,71,-6,-54,1095,-38,566,258,104
148,52,-22,-68,1083,2,566,184,58
152,33,-14,-99,1090,72,576,129,76
172,32,10,-110,1091,142,677,136,148
183,38,12,-32,1058,178,722,160,187
189,43,16,114,1013,181,730,185,189
204,52,8,266,976,189,766,197,158
188,60,20,375,961,219,715,233,196
192,65,22,447,937,271,739,253,206
181,72,21,484,913,314,703,274,209
191,77,33,480,898,360,726,301,253
200,93,36,463,893,385,750,364,265
197,105,49,438,901,391,754,396,332
194,110,56,401,889,384,756,412,354
195,110,65,347,853,395,766,402,378
194,109,69,280,802,413,755,397,403
190,99,77,202,739,436,749,368,425
199,93,83,121,650,473,780,339,461
214,83,84,71,551,495,824,339,464
215,83,82,51,457,513,842,310,451
218,69,75,49,360,537,848,269,424
196,57,66,46,247,570,768,201,386
236,47,71,39,98,626,915,187,409
250,45,65,62,-45,635,973,178,384
240,34,52,83,-165,628,950,128,333
260,21,55,75,-277,645,998,93,332
278,24,51,86,-364,645,1068,101,333
262,22,43,109,-436,619,1038,80,301
257,18,46,116,-531,603,1000,76,298
252,23,48,110,-639,597,990,81,314
258,21,49,89,-761,602,991,86,324
272,30,47,82,-871,578,1060,138,337
272,38,41,102,-952,529,1037,147,283
280,37,31,88,-1010,522,1075,143,258
264,38,26,67,-1062,515,1020,142,234
273,38,23,46,-1129,511,1062,142,214
288,35,13,20,-1182,486,1085,142,185
223,36,22,-15,-1231,442,863,135,210
189,32,24,-24,-1381,456,766,127,233
236,25,21,11,-1588,530,926,100,205
235,19,14,76,-1741,562,920,90,182
233,17,13,182,-1866,552,897,90,183
236,18,3,301,-1987,544,880,75,148
226,12,0,381,-2096,544,873,51,128
211,4,-2,429,-2190,533,808,33,122
211,2,-5,477,-2295,504,838,23,117
229,6,-10,515,-2387,462,883,19,110
248,4,-13,525,-2438,408,953,25,106
257,7,0,527,-2445,330,978,38,122
273,13,-4,532,-2434,249,1036,62,111
284,20,-15,524,-2397,178,1082,73,77
291,24,-18,500,-2350,112,1109,106,61
295,33,-25,484,-2317,40,1123,140,24
249,45,-48,484,-2335,-52,982,163,-49
226,42,-70,486,-2430,-122,881,158,-154
214,49,-85,464,-2572,-164,842,184,-207
233,63,-100,402,-2709,-202,894,222,-266
225,73,-110,297,-2773,-257,859,256,-286
169,69,-114,188,-2800,-325,655,243,-326
115,50,-126,92,-2858,-326,460,188,-359
99,33,-140,18,-2962,-231,390,137,-417
102,21,-145,-40,-3101,-83,414,87,-448
122,19,-155,-94,-3178,58,439,80,-487
132,12,-152,-166,-3166,152,509,37,-477
161,-5,-162,-224,-3091,212,605,-12,-493
190,-27,-164,-234,-2962,219,718,-86,-515
224,-44,-171,-177,-2798,181,845,-126,-567
245,-54,-194,-65,-2633,104,940,-157,-655
277,-78,-204,122,-2532,26,1056,-251,-722
295,-59,-241,342,-2467,-36,1111,-177,-845
295,-29,-257,477,-2359,-126,1135,-79,-913
287,-6,-254,522,-2233,-196,1087,-5,-898
299,16,-253,534,-2129,-201,1123,87,-898
290,34,-250,532,-2017,-205,1113,146,-897
282,41,-270,535,-1944,-207,1065,155,-943
275,46,-273,519,-1900,-189,1043,171,-960
263,54,-281,495,-1830,-189,995,209,-981
249,42,-271,459,-1739,-191,942,167,-959
240,41,-276,430,-1626,-190,896,175,-983
226,27,-275,392,-1482,-188,854,127,-966
226,20,-287,331,-1348,-152,846,92,-1024
223,22,-273,215,-1203,-115,831,87,-976
212,23,-259,105,-1059,-94,800,84,-925
217,23,-253,34,-935,-85,803,100,-897
227,28,-244,-10,-797,-76,829,129,-861
215,29,-243,-44,-659,-61,814,123,-835
208,25,-242,-55,-572,-51,786,126,-853
207,27,-245,-56,-512,-48,774,117,-846
203,27,-243,-49,-453,-47,767,124,-861
207,27,-239,-54,-382,-44,764,122,-843
201,25,-240,-59,-307,-42,759,107,-832
199,20,-235,-68,-236,-45,759,101,-815
205,19,-228,-73,-170,-53,753,99,-802
201,26,-229,-85,-108,-61,756,102,-788
203,27,-228,-100,-47,-70,756,126,-790
204,33,-226,-115,10,-77,765,132,-775
203,35,-226,-132,69,-84,765,148,-768
204,39,-220,-148,132,-88,759,158,-763
202,39,-216,-165,197,-93,753,158,-750
199,38,-214,-173,263,-93,750,160,-742
198,35,-209,-182,331,-90,751,154,-728
201,38,-212,-185,401,-90,753,151,-722
201,38,-209,-182,467,-93,749,150,-710
199,40,-208,-183,529,-88,750,155,-703
197,42,-203,-198,584,-76,749,159,-692
205,37,-198,-212,634,-64,760,154,-681
200,35,-201,-220,680,-50,749,155,-670
198,36,-193,-227,724,-34,744,143,-648
204,32,-186,-230,766,-20,750,137,-629
208,28,-184,-228,801,-8,767,133,-608
205,31,-180,-225,831,2,782,127,-598
209,31,-177,-223,853,4,788,133,-586
207,32,-173,-219,869,6,791,130,-570
209,29,-167,-216,882,6,794,129,-561
215,26,-169,-209,890,5,806,131,-546
213,34,-167,-205,899,5,812,131,-544
220,33,-167,-200,901,3,823,141,-537
217,34,-164,-194,899,3,842,143,-538
225,38,-167,-187,897,3,849,145,-532
227,38,-161,-177,894,3,858,153,-537
230,39,-165,-171,893,5,863,148,-540
230,38,-165,-166,890,8,877,151,-534
235,37,-165,-161,885,6,883,150,-535
237,38,-170,-155,881,6,895,155,-538
234,35,-165,-155,884,3,895,156,-533
237,33,-162,-153,879,4,894,152,-533
235,36,-158,-147,872,1,896,148,-533
234,36,-156,-142,865,-1,898,146,-522
235,32,-157,-140,860,-5,896,151,-507
236,36,-158,-136,859,-4,899,146,-500
235,34,-155,-138,856,-3,893,146,-491
233,36,-149,-140,848,-1,895,149,-482
235,37,-149,-141,838,-1,896,148,-468
235,34,-143,-141,824,-3,894,146,-456
233,36,-140,-144,813,-1,892,146,-442
233,33,-142,-145,803,5,898,146,-433
232,37,-138,-142,785,7,896,145,-420
232,33,-134,-141,765,9,890,142,-406
230,36,-127,-142,742,11,889,145,-394
226,40,-126,-146,721,15,873,147,-386
230,30,-117,-152,697,22,876,143,-359
231,33,-118,-140,661,26,881,144,-356
228,35,-122,-126,622,29,880,140,-348
229,36,-119,-116,583,34,879,146,-348
232,33,-117,-112,546,38,874,136,-339
227,36,-117,-112,514,43,870,144,-348
226,37,-118,-114,488,51,864,146,-345
220,38,-118,-118,466,55,854,150,-329
224,34,-113,-109,438,59,850,143,-322
224,31,-115,-88,393,60,865,141,-327
228,38,-117,-71,349,61,874,140,-328
229,35,-118,-60,309,61,877,142,-336
230,33,-116,-54,270,64,880,132,-333
231,31,-116,-49,235,65,880,132,-336
233,28,-120,-43,204,62,886,125,-334
232,30,-122,-35,171,59,894,116,-347
232,27,-118,-27,139,52,889,121,-352
231,29,-116,-27,112,44,885,121,-356
232,30,-120,-27,86,39,887,119,-352
234,32,-116,-29,55,31,894,120,-349
237,26,-116,-30,30,25,891,119,-346
236,31,-107,-34,0,18,900,122,-353
234,30,-121,-33,-28,12,905,125,-354
236,28,-118,-36,-59,6,904,127,-357
236,26,-121,-36,-86,1,905,128,-366
236,29,-122,-34,-121,-2,910,127,-369
237,31,-123,-33,-147,-5,909,130,-377
237,28,-126,-32,-172,-8,908,131,-381
237,31,-126,-29,-191,-11,903,129,-387
236,31,-132,-24,-207,-14,905,129,-401
235,29,-135,-22,-222,-17,901,128,-412
238,30,-133,-20,-233,-19,902,128,-413
236,31,-135,-20,-242,-24,906,131,-414
237,32,-135,-22,-249,-26,901,126,-417
235,33,-137,-23,-255,-30,903,130,-423
237,30,-138,-24,-260,-32,904,133,-426
236,29,-145,-26,-263,-34,901,132,-433
237,29,-137,-26,-262,-35,901,137,-431
236,34,-138,-27,-262,-38,901,137,-433
236,32,-139,-28,-262,-38,897,137,-432
234,34,-138,-29,-265,-37,899,139,-432
235,36,-139,-28,-269,-35,898,135,-433
239,32,-131,-31,-273,-32,900,140,-439
233,33,-143,-30,-277,-31,895,142,-443
233,32,-144,-27,-279,-29,895,140,-447
233,35,-148,-26,-278,-27,889,140,-453
236,33,-143,-27,-276,-25,886,141,-459
234,31,-145,-25,-271,-23,887,134,-463
236,34,-147,-25,-263,-23,888,142,-461
232,35,-150,-26,-255,-21,884,137,-469
233,31,-145,-28,-248,-21,889,143,-471
233,31,-152,-26,-242,-20,889,138,-467
235,38,-149,-29,-235,-20,890,141,-474
236,32,-138,-30,-232,-19,889,142,-479
232,35,-151,-31,-226,-18,892,140,-483
233,38,-150,-31,-220,-19,883,144,-482
233,34,-150,-31,-213,-18,884,145,-489
229,36,-157,-30,-204,-18,882,149,-492
232,35,-154,-29,-193,-17,883,143,-495
232,36,-153,-28,-180,-16,879,148,-494
230,36,-160,-27,-166,-17,884,144,-496
232,33,-155,-28,-152,-18,875,144,-497
230,35,-161,-29,-139,-16,879,141,-495
229,37,-155,-29,-128,-15,878,136,-496
234,35,-156,-30,-115,-16,878,142,-499
231,32,-155,-30,-104,-18,882,138,-500
231,31,-154,-34,-93,-17,875,140,-490
233,33,-155,-35,-83,-19,883,138,-493
232,37,-155,-37,-73,-21,883,141,-496
229,35,-154,-40,-65,-20,887,139,-494
231,36,-158,-41,-60,-21,887,145,-491
233,37,-152,-41,-53,-19,886,145,-490
233,35,-154,-42,-46,-18,881,146,-491
230,36,-158,-40,-39,-14,881,147,-496
231,36,-160,-41,-33,-12,875,145,-493
230,34,-153,-40,-27,-10,873,149,-494
232,34,-155,-38,-19,-8,878,143,-488
229,33,-157,-38,-10,-5,865,146,-497
229,36,-155,-36,0,-6,863,144,-493
227,36,-154,-38,11,-3,871,143,-493
234,34,-154,-36,23,-1,873,142,-495
231,34,-153,-37,33,1,878,140,-489
231,37,-152,-37,42,2,880,142,-489
234,35,-154,-39,49,3,876,138,-490
233,36,-154,-40,54,4,880,139,-483
233,33,-154,-40,60,4,882,139,-486
232,36,-158,-40,65,5,880,135,-490
233,33,-156,-42,74,2,882,138,-490
232,32,-155,-43,81,1,880,139,-489
232,32,-154,-46,89,0,876,136,-486
230,32,-148,-46,97,1,882,141,-484
231,35,-151,-48,102,1,880,143,-486
233,32,-151,-48,105,1,879,140,-487
233,37,-148,-50,110,2,885,143,-479
233,32,-153,-50,114,3,884,137,-480
233,30,-155,-50,118,2,882,136,-479
232,35,-146,-50,121,0,875,133,-474
233,34,-148,-51,127,-4,880,138,-471
231,36,-147,-53,130,-3,879,143,-468
230,33,-150,-53,132,-3,883,145,-469
232,35,-147,-50,133,-2,888,145,-462
234,36,-148,-49,131,1,886,143,-465
235,34,-147,-49,127,4,888,141,-464
234,30,-149,-49,122,4,890,131,-457
234,33,-148,-48,119,1,885,134,-455
232,31,-143,-48,118,0,884,134,-455
237,32,-148,-49,116,-3,884,133,-463
230,32,-144,-49,116,-4,880,135,-460
233,31,-147,-50,116,-7,877,132,-457
230,34,-143,-53,116,-9,879,133,-449
232,30,-145,-55,116,-9,877,136,-450
229,35,-144,-57,115,-9,879,138,-448
232,34,-141,-62,110,-11,874,132,-434
234,30,-139,-66,97,-12,890,133,-427
231,32,-137,-68,81,-13,888,139,-423
233,34,-139,-66,65,-13,887,139,-432
232,34,-138,-63,51,-13,890,139,-440
233,31,-141,-61,38,-14,885,141,-445
235,32,-145,-57,27,-14,884,141,-446
233,32,-143,-54,19,-14,885,141,-449
234,31,-143,-52,14,-15,884,140,-456
231,35,-145,-52,11,-14,877,138,-452
233,35,-143,-52,9,-13,883,136,-455
234,32,-139,-51,8,-13,887,142,-453
233,33,-147,-50,7,-13,880,138,-455
231,33,-146,-50,7,-12,883,137,-454
233,32,-145,-50,4,-12,880,138,-447
232,32,-143,-49,4,-12,884,138,-452
233,35,-145,-50,2,-14,884,140,-446
236,31,-141,-47,-2,-13,885,141,-454
226,33,-145,-48,-5,-13,885,143,-452
234,35,-143,-47,-8,-13,885,142,-455
234,34,-147,-46,-12,-13,889,143,-459
235,35,-148,-46,-14,-12,883,141,-458
232,38,-146,-45,-15,-12,891,143,-455
236,33,-146,-44,-16,-12,885,141,-463
235,31,-144,-42,-17,-10,880,142,-456
231,32,-148,-42,-16,-9,884,139,-457
230,34,-144,-42,-15,-10,880,143,-459
233,35,-148,-43,-17,-10,887,143,-457
232,30,-148,-44,-17,-10,878,140,-454
226,38,-148,-45,-20,-9,879,137,-457
232,35,-145,-44,-21,-9,887,141,-461
232,38,-147,-43,-23,-8,890,144,-462
232,35,-146,-45,-26,-8,891,144,-458
234,34,-153,-45,-27,-9,888,139,-463
234,33,-151,-44,-29,-7,885,144,-466
230,37,-150,-41,-29,-6,876,145,-469
233,32,-153,-39,-27,-6,879,141,-467
231,33,-146,-39,-23,-6,883,140,-469
233,33,-149,-39,-19,-6,882,139,-471
236,28,-147,-40,-16,-5,878,140,-467
232,35,-150,-41,-14,-4,878,144,-466
229,35,-146,-40,-13,-3,882,141,-465
231,35,-150,-40,-11,-2,874,140,-468
229,36,-149,-40,-12,-2,884,142,-468
232,35,-150,-42,-11,-3,877,138,-464
231,34,-149,-43,-10,-4,882,132,-465
232,33,-145,-43,-9,-3,887,135,-467
232,33,-152,-44,-9,-5,883,140,-468
234,33,-155,-45,-7,-6,883,143,-476
230,31,-152,-45,-6,-5,884,137,-468
232,32,-148,-46,-4,-7,887,142,-472
234,33,-147,-49,-4,-6,881,139,-471
233,37,-150,-45,0,-5,884,142,-478
234,34,-153,-45,3,-4,886,141,-473
234,34,-150,-45,5,-4,884,141,-476
229,37,-151,-47,8,-6,880,142,-477
233,34,-152,-45,13,-5,885,139,-478
232,36,-151,-47,17,-6,889,141,-473
232,34,-151,-47,23,-6,875,138,-476
230,35,-149,-47,27,-7,880,142,-476
228,34,-145,-48,30,-7,884,144,-473
227,33,-153,-49,33,-7,878,142,-467
231,35,-150,-48,35,-7,879,139,-468
233,36,-149,-49,36,-7,877,143,-469
232,37,-149,-47,36,-5,878,145,-468
235,30,-147,-46,37,-5,884,138,-467
234,33,-151,-45,38,-5,875,144,-470
235,33,-149,-44,39,-4,884,137,-472
231,35,-147,-46,41,-4,885,141,-475
234,34,-149,-46,42,-5,887,142,-468
233,35,-146,-46,44,-5,880,144,-460
231,34,-148,-46,46,-4,888,140,-461
227,34,-152,-47,45,-5,880,141,-463
233,34,-147,-48,44,-5,883,139,-465
232,35,-144,-50,42,-4,884,141,-459
232,36,-148,-48,40,-3,881,143,-460
232,37,-149,-48,40,-2,883,142,-466
231,36,-148,-49,40,-4,882,142,-457
232,32,-149,-49,40,-4,881,145,-461
234,32,-145,-48,41,-5,881,143,-464
231,33,-148,-47,43,-6,881,145,-465
233,35,-147,-45,46,-5,876,146,-464
234,37,-147,-43,48,-3,886,144,-464
233,34,-141,-41,49,-2,888,141,-465
234,34,-147,-39,50,0,889,141,-461
233,33,-146,-40,49,1,889,139,-465
233,31,-146,-39,48,3,880,139,-459
233,31,-151,-40,48,2,880,134,-459
234,32,-147,-41,47,-1,887,137,-461
230,35,-147,-40,46,-2,881,136,-462
230,33,-145,-43,47,-4,882,135,-456
230,33,-146,-44,48,-6,880,137,-450
233,31,-147,-47,47,-8,882,136,-452
234,33,-143,-50,46,-8,881,140,-455
235,30,-150,-51,43,-8,884,132,-456
231,35,-144,-50,42,-8,883,141,-459
231,34,-143,-50,41,-8,883,142,-452
232,37,-147,-49,41,-8,889,143,-455
233,36,-148,-49,37,-8,889,140,-454
233,36,-144,-48,33,-7,886,139,-457
233,33,-147,-46,29,-7,881,138,-454
232,34,-148,-44,28,-6,889,145,-453
231,32,-150,-41,28,-5,883,137,-461
235,37,-146,-41,28,-7,885,146,-462
230,37,-148,-42,28,-8,881,142,-460
233,34,-144,-44,29,-7,880,146,-458
230,34,-148,-43,30,-7,880,143,-457
233,37,-149,-41,31,-5,882,142,-461
229,34,-146,-39,36,-4,882,133,-475
228,36,-143,-39,41,-6,864,146,-438
233,34,-143,-37,38,-3,892,141,-451
231,34,-145,-36,36,-1,887,143,-447
235,36,-142,-37,33,-2,881,144,-454
234,35,-147,-38,32,-4,882,142,-454
231,36,-142,-40,31,-3,876,140,-452
233,35,-147,-40,30,-3,884,139,-458
233,30,-151,-38,29,-3,884,137,-461
234,32,-145,-37,32,-2,887,139,-455
233,34,-147,-41,33,-3,891,142,-455
234,35,-142,-42,30,-3,885,139,-456
233,33,-146,-43,29,-4,887,138,-456
232,35,-145,-42,29,-3,888,137,-461
232,34,-144,-42,26,-3,882,136,-456
234,35,-148,-45,26,-2,885,135,-454
233,32,-146,-45,26,-5,892,141,-459
235,28,-148,-44,25,-5,887,142,-456
232,31,-143,-46,28,-6,879,139,-461
230,39,-139,-49,24,-4,882,143,-443
235,32,-142,-46,20,-2,887,138,-446
233,32,-142,-45,13,-3,887,136,-449
232,32,-147,-49,9,-4,885,135,-451
232,33,-147,-52,5,-6,883,134,-452
230,33,-147,-53,1,-7,880,134,-454
229,32,-144,-51,-1,-9,890,137,-451
233,36,-143,-51,-1,-10,882,137,-451
234,35,-145,-49,-2,-12,885,143,-457
239,33,-149,-49,-1,-11,885,135,-464
232,34,-141,-49,0,-13,881,137,-466
231,33,-144,-51,1,-13,880,139,-459
233,35,-143,-53,2,-13,885,135,-462
232,31,-143,-55,2,-15,882,135,-456
229,36,-145,-58,2,-16,880,136,-452
231,35,-146,-59,1,-18,880,136,-452
234,32,-145,-61,-3,-18,884,138,-454
230,35,-146,-62,-8,-20,884,143,-448
232,34,-144,-62,-12,-21,887,142,-447
235,34,-147,-61,-20,-20,888,145,-449
231,35,-146,-60,-26,-20,888,143,-453
231,39,-145,-59,-33,-19,890,144,-453
234,31,-149,-57,-38,-20,889,142,-457
236,33,-149,-56,-40,-19,890,140,-462
231,33,-147,-53,-40,-18,888,142,-466
233,35,-148,-54,-37,-18,883,147,-466
232,37,-150,-53,-34,-18,887,141,-469
232,36,-147,-53,-29,-17,884,141,-477
232,34,-151,-52,-24,-18,884,144,-474
231,31,-151,-53,-20,-17,880,145,-476
232,36,-150,-52,-14,-16,888,145,-468
233,35,-152,-50,-8,-16,888,143,-481
231,35,-148,-50,-6,-15,890,142,-473
232,36,-149,-50,0,-15,887,146,-472
231,38,-146,-50,3,-13,881,146,-467
233,33,-150,-48,4,-12,885,141,-465
231,35,-144,-46,6,-11,885,141,-467
234,37,-147,-46,8,-10,888,140,-466
233,37,-149,-44,9,-9,885,144,-468
231,36,-146,-44,8,-9,882,143,-467
235,35,-149,-44,9,-9,882,146,-460
232,36,-148,-46,12,-8,878,141,-463
234,34,-149,-44,13,-7,883,143,-468
231,33,-147,-44,12,-6,885,141,-471
235,34,-149,-43,13,-5,880,140,-464
233,36,-149,-41,16,-4,881,147,-474
232,36,-147,-39,19,-1,881,141,-462
232,35,-148,-41,19,0,881,139,-459
233,35,-145,-44,19,-2,879,140,-463
229,33,-148,-45,19,-5,881,139,-465
232,38,-148,-44,21,-8,878,147,-464
230,40,-147,-45,21,-7,881,144,-457
233,36,-149,-43,22,-5,884,142,-465
235,34,-144,-42,22,-2,887,147,-461
233,36,-145,-39,21,0,887,145,-464
235,37,-150,-35,20,3,889,146,-466
229,35,-146,-32,23,5,880,138,-477
233,33,-142,-34,23,7,876,147,-455
234,33,-147,-32,20,6,886,133,-455
233,32,-146,-30,20,5,889,135,-465
232,36,-150,-32,22,4,884,139,-473
230,36,-150,-34,26,3,887,133,-474
234,32,-152,-34,33,1,909,128,-509
227,38,-143,-40,43,-3,868,146,-457
233,33,-147,-40,46,-1,875,137,-456
235,35,-140,-39,48,-2,879,132,-461
233,32,-148,-43,47,-3,881,137,-457
233,36,-146,-45,46,-4,887,134,-464
231,36,-142,-48,46,-8,875,145,-452
231,36,-142,-48,43,-8,878,147,-450
234,33,-144,-43,39,-6,887,143,-450
234,37,-146,-41,34,-4,888,137,-457
235,36,-145,-40,29,-5,886,144,-450
233,33,-150,-40,27,-6,886,145,-460
234,36,-147,-40,26,-6,884,144,-464
232,37,-148,-43,27,-6,879,142,-468
230,28,-151,-42,29,-6,876,140,-464
230,36,-149,-41,32,-4,884,144,-465
231,34,-148,-42,35,-6,880,144,-465
233,33,-147,-43,37,-5,883,145,-460
234,34,-145,-43,39,-5,885,139,-457
234,32,-144,-46,39,-7,885,135,-472
232,36,-151,-45,40,-7,885,137,-464
230,38,-149,-45,41,-7,878,143,-455
233,33,-143,-46,39,-6,887,145,-456
232,33,-147,-44,38,-3,887,141,-460
230,36,-149,-44,36,-4,884,145,-462
233,41,-146,-43,34,-4,885,143,-460
233,34,-147,-44,36,-4,887,143,-460
232,34,-148,-44,37,-3,885,140,-460
232,34,-146,-44,38,-1,888,140,-457
233,33,-153,-44,37,-3,881,141,-465
233,32,-144,-45,38,-5,885,139,-461
233,33,-145,-45,40,-5,887,141,-464
233,34,-146,-47,41,-5,888,136,-464
236,32,-152,-47,41,-4,887,140,-466
232,32,-148,-49,46,-6,888,144,-459
232,35,-146,-50,47,-7,894,141,-467
233,36,-151,-51,46,-7,887,146,-447
234,34,-142,-47,42,-4,888,143,-453
235,34,-147,-47,39,-2,884,142,-452
236,36,-144,-46,33,-2,889,147,-452
233,36,-144,-45,32,-3,889,143,-458
232,32,-147,-45,30,-1,884,139,-456
234,35,-147,-46,30,-3,887,142,-455
235,34,-146,-44,30,-2,883,143,-457
235,35,-147,-46,30,-2,882,144,-454
233,33,-145,-45,29,-3,887,138,-457
232,34,-142,-44,29,-2,885,143,-458
230,34,-141,-46,30,-3,877,139,-462
231,33,-148,-47,30,-2,878,139,-455
234,32,-145,-45,30,-3,884,140,-457
234,32,-148,-46,31,-5,889,138,-451
233,36,-148,-45,30,-4,885,142,-454
233,33,-144,-46,30,-4,883,142,-454
235,37,-145,-48,28,-5,883,144,-457
233,36,-148,-47,25,-5,887,148,-456
235,34,-143,-48,24,-5,889,145,-452
233,34,-147,-50,23,-5,883,145,-453
232,32,-151,-48,22,-4,894,143,-456
234,35,-149,-47,20,-5,892,142,-457
229,34,-146,-48,19,-4,894,143,-456
234,36,-145,-47,18,-4,887,141,-460
233,34,-144,-47,20,-4,885,142,-460
232,39,-146,-46,21,-5,886,146,-460
233,33,-148,-48,22,-5,883,141,-456
230,35,-148,-45,24,-6,885,143,-456
233,35,-150,-45,26,-5,888,140,-460
232,35,-147,-44,27,-5,886,144,-460
232,38,-149,-44,27,-3,887,145,-458
234,30,-138,-43,27,0,885,142,-454
235,36,-147,-43,27,0,890,143,-455
233,36,-144,-42,27,0,882,142,-460
232,33,-146,-42,27,0,888,139,-459
231,31,-150,-41,27,-1,887,139,-460
233,31,-143,-42,28,-2,884,141,-461
231,35,-145,-42,30,-1,887,143,-454
232,36,-143,-41,31,-1,886,143,-455
231,33,-149,-42,35,-3,887,142,-454
232,33,-147,-43,36,-2,893,142,-459
240,27,-152,-42,37,-1,900,130,-471
232,38,-144,-44,40,-3,887,149,-447
233,35,-142,-45,37,-3,887,146,-444
233,36,-145,-43,34,-1,891,143,-450
233,38,-149,-41,29,1,887,139,-453
235,36,-143,-40,28,0,890,140,-453
235,35,-145,-41,27,1,891,140,-457
234,33,-143,-41,27,0,890,136,-453
234,34,-146,-40,26,2,889,137,-456
231,32,-148,-39,28,3,892,138,-459
230,36,-144,-41,28,2,888,137,-456
235,33,-143,-43,27,1,881,140,-453
233,31,-142,-44,29,-3,876,138,-455
233,37,-143,-46,30,-3,887,143,-450
233,36,-142,-42,29,-3,885,144,-447
236,33,-144,-42,27,-1,892,142,-455
233,32,-144,-38,26,2,890,136,-453
234,32,-146,-38,22,3,892,141,-451
234,32,-142,-40,17,3,893,140,-455
233,34,-145,-39,13,2,885,137,-450
231,32,-147,-40,14,1,893,133,-456
234,34,-144,-41,16,-1,892,138,-463
233,35,-139,-42,19,-2,894,134,-457
237,35,-153,-41,23,-4,879,139,-460
233,33,-148,-40,27,-5,887,140,-463
236,32,-148,-43,34,-6,882,138,-466
236,32,-150,-43,40,-6,889,142,-467
239,27,-156,-44,52,-7,893,129,-485
232,35,-142,-51,61,-11,887,146,-449
234,31,-141,-50,61,-8,884,142,-449
233,33,-144,-51,63,-9,885,139,-447
231,31,-144,-52,62,-11,887,143,-444
234,34,-142,-53,58,-11,885,144,-446
234,33,-144,-50,52,-8,887,145,-447
239,29,-138,-46,50,-8,891,142,-452
234,34,-147,-45,48,-6,887,139,-456
233,35,-143,-44,48,-6,884,147,-447
235,33,-146,-42,48,-4,894,143,-449
232,38,-148,-41,48,-3,892,139,-453
233,31,-144,-41,48,-3,891,139,-455
233,34,-146,-42,47,-3,893,139,-451
236,34,-145,-42,46,-4,894,144,-452
233,36,-146,-43,46,-5,892,138,-455
236,32,-144,-44,46,-6,897,143,-449
234,34,-143,-44,49,-6,894,141,-455
232,40,-145,-43,47,-4,891,132,-455
236,35,-145,-43,47,-7,894,141,-448
234,33,-146,-46,48,-5,893,141,-449
235,34,-146,-46,48,-5,892,139,-451
234,35,-144,-44,47,-6,896,139,-451
235,37,-145,-47,49,-6,889,143,-455
235,31,-144,-47,49,-7,894,139,-455
235,35,-149,-47,52,-7,893,135,-456
232,34,-145,-49,55,-9,885,141,-455
230,36,-141,-48,60,-9,885,139,-449
235,32,-142,-49,60,-9,887,140,-448
234,37,-141,-48,60,-8,886,135,-441
234,35,-138,-47,57,-6,887,138,-443
231,33,-141,-47,56,-4,891,140,-443
235,36,-144,-47,54,-5,895,147,-442
234,33,-141,-46,52,-6,896,141,-442
234,33,-143,-48,49,-5,887,138,-448
234,33,-145,-48,47,-5,893,140,-447
235,32,-147,-51,47,-8,879,134,-452
234,36,-137,-52,47,-8,887,147,-440
233,35,-141,-48,48,-6,890,143,-443
236,33,-139,-46,48,-3,890,143,-441
235,40,-145,-48,46,-4,892,140,-439
235,34,-140,-48,45,-2,897,141,-442
233,34,-142,-46,42,-4,891,139,-445
235,32,-143,-45,42,-5,893,137,-444
234,34,-144,-47,40,-4,891,141,-446
232,31,-144,-44,38,-4,893,137,-449
231,36,-143,-44,37,-3,896,136,-445
233,33,-139,-45,37,-4,886,139,-449
236,33,-144,-47,40,-4,893,141,-448
235,34,-143,-47,41,-6,895,143,-442
236,33,-137,-47,41,-7,890,141,-446
234,29,-144,-47,42,-5,894,138,-444
235,35,-143,-47,40,-6,896,140,-445
235,33,-141,-50,40,-8,894,134,-447
233,34,-147,-50,40,-9,894,140,-445
236,34,-144,-50,39,-7,893,146,-440
234,37,-141,-48,37,-5,896,144,-443
237,30,-145,-47,35,-4,896,139,-444
236,34,-142,-47,33,-4,894,138,-441
234,35,-140,-49,32,-3,897,140,-445
235,32,-136,-49,32,-3,890,134,-442
236,34,-144,-49,32,-5,892,138,-445
234,34,-142,-47,31,-4,889,140,-446
237,32,-140,-47,32,-5,894,138,-442
231,38,-142,-47,32,-6,897,139,-441
235,33,-141,-46,31,-5,897,141,-438
236,34,-141,-46,28,-4,894,140,-447
236,34,-144,-46,27,-4,892,139,-442
234,33,-142,-47,25,-3,894,140,-449
235,32,-142,-47,23,-5,888,137,-441
235,32,-142,-45,23,-4,890,140,-448
234,35,-142,-44,23,-5,896,141,-446
235,33,-148,-45,26,-3,898,138,-434
234,36,-142,-45,27,-2,893,145,-442
231,36,-144,-47,26,-1,892,140,-447
234,33,-142,-46,24,-1,891,138,-448
236,34,-144,-47,25,-3,890,136,-443
235,35,-142,-46,27,-3,889,138,-446
235,34,-140,-45,28,-4,894,144,-445
236,36,-143,-46,30,-5,899,138,-443
235,35,-143,-46,30,-5,899,144,-446
235,35,-139,-44,32,-5,893,144,-450
238,30,-147,-46,33,-4,902,129,-456
235,34,-137,-48,38,-8,888,138,-437
234,34,-140,-49,39,-8,892,144,-433
231,37,-141,-48,38,-6,892,140,-433
233,35,-141,-49,37,-7,892,142,-428
237,31,-140,-50,32,-9,897,140,-429
233,32,-140,-48,27,-8,895,137,-432
233,34,-139,-47,18,-8,898,141,-431
237,34,-139,-48,10,-8,896,137,-428
233,35,-139,-51,5,-7,893,137,-426
234,37,-139,-51,-2,-8,885,137,-421
229,36,-133,-51,-7,-10,889,138,-427
232,37,-135,-50,-13,-9,886,148,-428
234,35,-136,-48,-18,-7,885,145,-431
234,37,-139,-45,-24,-4,893,144,-438
234,38,-141,-40,-28,1,904,141,-437
236,35,-142,-38,-35,3,899,144,-436
237,35,-145,-37,-41,5,893,140,-437
234,35,-143,-36,-44,7,896,137,-447
238,32,-142,-36,-45,7,897,135,-450
233,34,-147,-35,-45,4,893,132,-450
233,32,-145,-36,-42,4,890,133,-451
234,35,-151,-34,-36,2,885,141,-459
233,35,-154,-35,-32,2,887,140,-452
234,35,-147,-37,-25,2,890,138,-458
235,36,-147,-37,-19,1,893,138,-455
238,32,-147,-41,-16,0,895,138,-449
235,31,-142,-43,-14,-1,887,137,-447
233,31,-142,-45,-14,0,893,138,-445
235,36,-141,-47,-15,0,892,140,-446
232,34,-142,-48,-16,-1,887,136,-440
233,33,-143,-48,-20,-1,888,138,-443
234,36,-141,-47,-23,0,891,145,-441
232,37,-145,-45,-25,1,895,142,-440
240,33,-146,-41,-30,2,887,143,-443
235,36,-146,-41,-32,5,886,145,-449
234,35,-145,-40,-33,6,889,142,-454
234,36,-148,-39,-32,6,889,140,-453
234,34,-147,-38,-29,7,891,143,-455
233,36,-145,-37,-26,9,891,137,-457
232,37,-145,-37,-23,10,890,145,-459
234,33,-145,-37,-19,10,890,143,-458
232,35,-141,-36,-17,10,891,134,-456
234,35,-147,-37,-16,9,890,143,-450
236,32,-144,-38,-16,10,896,142,-454
233,33,-141,-39,-13,9,891,143,-454
232,36,-141,-39,-14,10,890,141,-453
236,34,-146,-38,-13,9,893,140,-447
236,34,-144,-38,-13,10,896,144,-450
235,35,-146,-37,-10,9,895,139,-456
231,33,-145,-37,-10,11,892,141,-450
236,34,-141,-37,-9,11,892,138,-456
235,29,-148,-35,-5,12,889,141,-454
236,33,-145,-35,-4,11,885,139,-458
236,33,-145,-37,-1,10,887,136,-453
233,35,-147,-36,0,11,890,140,-452
236,30,-139,-38,2,10,885,133,-455
235,35,-146,-38,1,9,892,136,-454
235,33,-139,-37,1,11,890,136,-447
234,36,-141,-38,1,11,893,138,-447
235,33,-141,-39,-2,12,893,138,-442
236,30,-146,-38,-4,12,889,137,-449
233,34,-143,-36,-8,11,888,134,-455
233,32,-145,-34,-9,11,885,135,-450
231,34,-148,-33,-7,11,884,136,-451
231,32,-143,-35,-6,10,891,135,-452
237,31,-147,-35,-6,11,888,137,-449
235,32,-143,-35,-6,9,885,136,-450
234,30,-147,-35,-6,7,893,132,-453
233,34,-144,-36,-7,5,887,132,-451
234,32,-144,-38,-8,5,885,135,-449
233,32,-143,-37,-11,4,890,134,-451
232,34,-144,-38,-11,-1,884,136,-456
233,29,-144,-40,-11,0,887,134,-453
234,33,-144,-41,-12,1,890,135,-459
233,35,-144,-41,-13,0,887,133,-454
230,34,-145,-42,-15,0,893,134,-453
227,33,-145,-43,-16,0,889,132,-453
233,34,-145,-43,-17,-1,883,133,-453
233,34,-146,-44,-18,-2,890,138,-455
232,36,-143,-45,-21,-2,890,137,-450
230,33,-146,-44,-24,0,893,137,-452
234,34,-142,-42,-26,2,890,129,-454
234,31,-145,-42,-28,1,891,134,-457
233,32,-143,-41,-30,2,888,138,-461
234,33,-149,-41,-28,2,888,135,-462
231,32,-150,-41,-27,0,888,135,-457
234,35,-148,-42,-25,0,885,133,-457
230,31,-144,-41,-23,-2,889,138,-457
235,33,-148,-43,-22,-4,886,139,-457
232,33,-147,-42,-20,-4,882,137,-458
235,32,-144,-44,-19,-4,884,134,-455
234,31,-147,-45,-20,-4,885,134,-460
230,33,-142,-45,-21,-4,885,133,-457
232,35,-146,-45,-22,-4,887,138,-455
231,31,-146,-46,-23,-5,888,138,-456
232,33,-149,-45,-24,-3,881,134,-456
234,30,-146,-43,-25,-3,881,137,-454
233,31,-150,-41,-25,-3,880,137,-459
231,30,-143,-42,-26,-3,887,136,-458
232,33,-149,-43,-25,-2,881,136,-459
232,31,-144,-41,-24,-2,888,136,-460
234,31,-148,-40,-23,-2,887,137,-459
231,33,-148,-41,-22,-2,888,142,-459
232,33,-144,-41,-23,-3,887,138,-462
232,32,-142,-41,-23,-2,883,134,-459
233,34,-149,-42,-24,-1,884,137,-461
231,34,-145,-41,-24,-2,881,138,-460
229,34,-152,-41,-23,-1,890,133,-462
233,34,-147,-39,-22,-2,887,138,-465
237,33,-150,-40,-22,-2,884,133,-472
233,34,-147,-40,-21,-2,882,134,-465
235,31,-148,-41,-19,-1,885,136,-466
233,34,-146,-39,-17,-4,888,133,-465
232,33,-149,-40,-16,-1,881,135,-466
232,35,-144,-40,-16,-2,887,132,-469
233,33,-149,-38,-14,-1,882,130,-466
233,30,-147,-38,-13,-2,885,132,-457
233,30,-150,-39,-13,-2,884,135,-466
234,32,-148,-39,-12,-4,881,134,-461
233,32,-145,-38,-12,-3,887,131,-464
235,39,-148,-39,-11,-4,883,137,-466
232,32,-143,-39,-10,-4,882,139,-461
234,33,-148,-39,-11,-5,883,135,-469
233,30,-148,-40,-10,-4,887,135,-466
234,32,-148,-39,-11,-4,882,137,-470
232,33,-146,-41,-11,-3,877,137,-467
231,33,-148,-41,-11,-3,890,133,-469
230,34,-149,-42,-11,-3,884,136,-468
235,30,-147,-41,-10,-3,883,134,-470
230,32,-146,-41,-11,-4,881,132,-471
235,31,-150,-42,-10,-3,879,135,-468
232,30,-144,-42,-9,-4,877,131,-463
234,29,-157,-44,-10,-4,872,133,-457
231,30,-146,-42,-12,-3,883,136,-464
233,33,-148,-43,-14,-5,881,132,-464
232,32,-147,-42,-14,-4,887,134,-470
233,29,-150,-42,-16,-6,881,138,-470
232,32,-149,-42,-15,-5,880,137,-472
230,29,-151,-38,-12,-6,880,135,-470
234,31,-148,-35,-8,-4,883,139,-472
234,30,-151,-34,-7,-3,884,139,-475
230,32,-151,-33,-4,-3,885,138,-472
229,30,-152,-34,-1,-2,880,132,-467
234,30,-148,-36,0,-3,887,132,-470
234,30,-150,-37,1,-5,885,129,-473
232,32,-147,-40,3,-7,880,128,-463
233,31,-152,-40,2,-8,881,130,-472
233,33,-148,-40,2,-9,883,134,-469
233,32,-152,-43,2,-10,880,136,-467
232,31,-149,-45,2,-11,880,131,-467
233,34,-146,-46,0,-12,875,134,-466
230,32,-155,-50,-1,-12,877,129,-467
231,29,-149,-50,-1,-12,880,132,-467
236,29,-152,-51,0,-12,880,136,-467
233,36,-149,-51,-1,-12,877,137,-466
233,33,-147,-48,-3,-11,874,140,-464
231,32,-149,-48,-4,-10,884,138,-467
234,35,-150,-45,-4,-9,879,133,-468
233,33,-150,-44,-3,-10,877,138,-473
232,34,-152,-43,-3,-11,881,136,-471
233,34,-151,-42,-2,-10,885,136,-477
233,30,-151,-42,0,-11,883,139,-473
231,34,-149,-42,2,-10,882,143,-475
231,33,-149,-41,6,-10,883,135,-479
236,33,-147,-41,8,-11,885,133,-477
232,34,-149,-42,10,-11,885,138,-477
231,32,-147,-42,12,-11,879,134,-471
233,33,-148,-43,13,-10,876,141,-472
233,33,-149,-42,12,-9,875,137,-467
232,37,-151,-42,14,-8,877,137,-474
232,31,-148,-42,15,-8,876,135,-469
234,35,-152,-41,16,-6,883,135,-476
229,35,-154,-41,16,-6,878,132,-468
234,33,-148,-42,18,-5,880,135,-470
232,34,-156,-42,19,-5,874,129,-469
232,30,-146,-42,20,-3,882,132,-471
231,33,-148,-42,21,-4,883,130,-477
234,28,-149,-42,20,-5,878,135,-467
231,32,-149,-44,21,-5,876,129,-471
230,36,-147,-43,17,-5,877,134,-471
233,31,-150,-43,19,-4,880,131,-471
231,33,-146,-44,20,-7,876,131,-468
231,36,-146,-45,20,-7,881,136,-469
232,34,-148,-44,20,-6,879,135,-465
233,32,-149,-44,20,-7,884,132,-473
230,29,-152,-43,21,-6,881,134,-473
230,35,-148,-43,21,-5,880,141,-475
232,30,-147,-43,19,-4,877,134,-467
230,33,-150,-43,21,-4,876,132,-471
228,34,-151,-44,22,-5,878,131,-469
230,33,-152,-45,23,-6,876,136,-468
230,29,-150,-46,24,-6,877,134,-467
234,31,-151,-46,26,-7,877,134,-469
233,30,-144,-45,26,-8,881,134,-473
232,28,-148,-46,26,-7,875,131,-465
234,32,-143,-46,25,-7,883,132,-475
233,32,-152,-45,26,-7,876,132,-471
232,29,-153,-49,27,-9,878,135,-471
234,31,-150,-50,28,-9,876,132,-467
230,33,-152,-50,26,-10,884,130,-468
232,32,-152,-51,26,-12,876,131,-464
234,32,-148,-51,25,-11,885,134,-469
230,34,-150,-50,24,-11,883,134,-469
233,31,-149,-51,23,-11,886,139,-466
232,34,-147,-49,22,-10,878,134,-469
231,35,-149,-49,23,-10,879,134,-465
232,34,-150,-49,22,-10,876,135,-471
233,33,-150,-48,22,-10,880,134,-472
231,33,-153,-50,22,-11,873,134,-467
231,34,-146,-49,23,-10,874,133,-471
231,34,-147,-50,24,-12,882,135,-471
231,33,-147,-49,24,-12,879,133,-468
234,30,-150,-50,24,-12,881,135,-467
230,35,-153,-50,25,-12,875,134,-468
231,37,-144,-50,26,-12,882,136,-469
232,34,-146,-50,27,-10,880,133,-468
230,32,-149,-49,27,-10,884,133,-469
229,37,-150,-50,26,-10,880,143,-466
230,32,-151,-47,28,-9,883,136,-468
232,34,-148,-47,27,-9,880,136,-472
228,37,-150,-45,26,-8,878,136,-471
231,34,-152,-46,28,-8,879,138,-468
234,34,-150,-47,28,-10,886,133,-466
232,34,-147,-46,29,-9,880,139,-469
232,34,-149,-46,29,-8,881,136,-471
229,33,-149,-47,29,-9,885,133,-469
229,31,-151,-49,30,-10,877,134,-468
234,30,-147,-48,30,-8,884,139,-465
233,31,-149,-47,29,-9,880,137,-467
231,37,-152,-47,29,-9,877,136,-467
234,33,-147,-47,29,-9,878,138,-470
233,33,-154,-46,30,-8,880,136,-467
233,33,-150,-45,31,-7,874,137,-469
233,31,-147,-45,30,-8,880,135,-465
231,33,-142,-47,31,-7,884,132,-467
232,35,-150,-46,32,-8,880,133,-466
232,35,-143,-46,33,-10,876,135,-466
231,34,-149,-47,32,-8,879,131,-465
233,33,-149,-48,31,-8,878,138,-464
234,32,-145,-49,30,-10,878,138,-468
231,34,-147,-50,31,-10,880,136,-466
232,33,-147,-49,31,-12,883,141,-466
231,33,-148,-50,32,-12,878,134,-464
228,37,-144,-52,31,-10,877,136,-466
233,30,-146,-51,32,-10,880,137,-461
233,32,-151,-51,33,-11,878,138,-469
231,32,-148,-51,33,-11,883,137,-469
231,33,-148,-51,33,-9,875,136,-465
234,33,-150,-50,34,-11,880,138,-473
231,33,-150,-50,35,-11,878,134,-468
233,35,-148,-51,37,-11,883,135,-468
230,34,-142,-51,37,-11,882,133,-465
233,27,-150,-53,37,-10,885,135,-471
233,32,-148,-52,38,-10,883,137,-467
234,34,-147,-51,37,-10,887,140,-468
232,32,-147,-51,35,-10,884,139,-466
233,32,-151,-51,34,-9,884,138,-467
233,33,-148,-52,34,-10,882,138,-465
231,35,-146,-51,34,-10,887,140,-469
230,35,-147,-53,36,-10,888,135,-467
232,33,-148,-52,36,-12,882,133,-470
234,35,-150,-50,37,-11,884,142,-470
230,33,-160,-51,39,-10,882,140,-467
233,35,-149,-51,41,-9,883,138,-469
231,33,-146,-51,42,-9,881,139,-465
232,35,-148,-50,42,-9,882,132,-465
233,33,-149,-50,44,-10,878,138,-466
232,34,-149,-51,44,-11,877,138,-464
235,33,-147,-52,43,-11,884,137,-462
230,34,-147,-52,43,-11,887,135,-465
231,34,-144,-50,43,-11,883,140,-464
232,32,-146,-50,44,-11,884,137,-461
227,34,-142,-51,41,-11,877,135,-462
233,30,-144,-51,43,-12,878,137,-465
232,33,-146,-53,43,-13,884,140,-464
229,35,-147,-51,43,-13,878,141,-459
232,35,-150,-51,46,-10,883,141,-450
233,34,-146,-49,46,-6,884,143,-460
232,34,-145,-45,46,-5,887,138,-457
234,30,-143,-45,43,-4,887,137,-465
235,34,-151,-48,41,-2,880,134,-458
232,30,-147,-47,41,-3,882,142,-460
232,32,-145,-47,42,-4,887,133,-464
235,34,-144,-48,43,-5,888,132,-466
230,31,-147,-48,44,-8,883,137,-468
233,31,-148,-46,47,-9,887,139,-472
233,34,-145,-47,51,-10,884,139,-473
233,33,-150,-48,57,-10,886,137,-469
231,35,-150,-48,64,-10,884,135,-474
231,32,-148,-50,69,-11,884,138,-468
232,33,-143,-52,74,-11,884,138,-459
232,34,-148,-53,76,-11,884,137,-461
236,33,-145,-55,76,-11,892,137,-461
233,33,-147,-54,78,-10,883,132,-460
233,29,-150,-55,77,-9,889,142,-461
236,35,-141,-56,74,-10,891,139,-459
234,31,-150,-56,73,-11,891,137,-455
233,35,-145,-58,73,-11,891,141,-461
233,35,-146,-57,75,-9,887,136,-467
232,35,-147,-57,77,-8,884,136,-462
234,36,-144,-57,81,-8,884,140,-466
233,36,-145,-58,85,-7,892,141,-463
231,34,-148,-59,94,-9,887,137,-467
233,35,-148,-59,101,-8,887,143,-456
234,34,-148,-59,106,-8,886,143,-461
227,36,-147,-59,110,-7,890,139,-462
234,34,-148,-58,117,-7,890,137,-462
237,32,-146,-60,121,-7,894,137,-470
237,32,-145,-61,128,-10,889,142,-472
233,35,-150,-62,138,-11,891,146,-462
233,37,-146,-61,145,-11,889,138,-457
233,35,-146,-61,150,-11,892,133,-457
235,33,-145,-61,157,-11,892,130,-460
236,31,-148,-67,161,-14,900,138,-458
236,35,-143,-70,163,-16,888,134,-448
236,30,-140,-72,165,-17,891,140,-441
234,34,-146,-75,166,-17,892,138,-442
235,34,-143,-74,166,-16,896,140,-442
235,35,-142,-74,163,-14,895,139,-436
235,33,-139,-79,157,-15,894,143,-436
235,34,-140,-79,153,-13,892,141,-433
234,35,-141,-77,148,-12,892,144,-430
235,33,-135,-73,143,-11,896,136,-428
234,34,-139,-73,140,-11,897,135,-433
235,34,-142,-71,134,-11,892,137,-436
233,35,-142,-71,128,-12,892,139,-427
234,32,-140,-73,119,-12,890,139,-424
236,35,-137,-73,112,-13,895,137,-425
232,35,-136,-74,105,-13,897,139,-425
234,33,-138,-74,98,-14,901,140,-427
235,36,-141,-73,93,-15,897,138,-428
236,35,-135,-72,87,-15,898,139,-431
237,32,-140,-71,82,-18,898,141,-436
236,35,-136,-72,79,-17,899,136,-433
234,36,-138,-71,75,-17,897,139,-436
231,34,-142,-71,74,-16,895,143,-435
237,32,-139,-70,74,-18,901,137,-440
235,36,-142,-72,76,-19,893,138,-434
238,32,-141,-72,76,-21,895,145,-431
237,36,-144,-72,78,-20,907,142,-442
258,27,-158,-71,85,-22,936,123,-492
220,24,-143,-84,118,-42,846,70,-464
231,45,-128,-106,140,-71,855,181,-387
231,46,-127,-110,134,-57,887,180,-381
235,38,-127,-95,118,-37,898,162,-390
234,36,-126,-81,97,-21,902,156,-393
235,34,-134,-69,74,-12,903,149,-409
238,35,-138,-64,55,-8,902,142,-419
240,34,-143,-61,42,-8,908,141,-425
239,31,-138,-60,33,-8,900,142,-423
236,35,-136,-60,29,-9,901,142,-427
236,33,-141,-61,27,-11,898,141,-425
238,34,-137,-61,28,-12,900,148,-423
236,36,-133,-61,27,-14,900,142,-417
236,37,-138,-56,25,-14,900,146,-421
234,37,-135,-55,23,-15,901,150,-421
235,34,-135,-54,19,-12,899,149,-417
234,36,-136,-50,16,-10,898,153,-425
235,35,-139,-48,12,-7,894,145,-424
235,34,-136,-46,9,-6,896,146,-427
236,30,-137,-45,7,-5,895,140,-418
235,34,-138,-43,4,-4,898,140,-425
236,36,-139,-41,3,-4,896,146,-426
235,35,-139,-42,2,-4,897,142,-425
235,36,-135,-42,-1,-3,897,143,-424
236,35,-138,-43,-3,-3,899,143,-429
236,37,-135,-43,-3,-5,898,143,-429
234,38,-137,-42,-4,-5,895,137,-425
235,36,-136,-43,-6,-5,898,145,-426
235,35,-138,-42,-8,-4,896,144,-427
235,36,-137,-42,-11,-4,902,146,-429
241,37,-136,-41,-13,-2,901,144,-430
236,36,-140,-40,-14,-1,900,144,-427
235,36,-138,-39,-17,-2,902,143,-436
236,36,-138,-40,-19,-1,897,146,-429
237,33,-140,-39,-21,0,901,145,-420
237,34,-138,-40,-26,0,899,145,-431
237,36,-137,-41,-29,1,901,143,-423
236,34,-139,-39,-34,2,908,143,-427
236,35,-132,-41,-40,3,899,145,-417
235,36,-135,-40,-47,3,900,144,-413
239,34,-134,-40,-55,4,898,147,-418
235,35,-136,-40,-64,4,900,144,-423
235,34,-138,-41,-72,4,897,144,-424
233,38,-137,-41,-79,4,893,146,-424
234,38,-137,-43,-85,6,894,143,-429
234,34,-138,-40,-90,8,897,143,-429
233,39,-141,-37,-94,8,895,146,-432
232,33,-138,-37,-94,10,896,145,-436
236,37,-143,-33,-93,10,897,145,-435
234,36,-144,-31,-92,10,893,146,-440
236,36,-142,-29,-89,11,895,150,-447
228,36,-144,-26,-84,13,889,145,-449
234,36,-140,-27,-80,12,894,142,-450
236,35,-144,-26,-75,12,897,144,-451
233,36,-142,-27,-71,13,895,145,-445
235,33,-142,-26,-67,13,898,146,-445
237,35,-147,-26,-64,15,896,142,-447
235,32,-145,-26,-63,16,898,142,-442
235,32,-144,-24,-63,16,896,143,-445
236,31,-146,-25,-62,15,893,138,-441
235,36,-143,-27,-61,14,889,145,-444
234,33,-145,-26,-61,14,890,143,-445
237,41,-149,-26,-61,13,893,144,-444
235,37,-141,-25,-60,13,893,146,-444
236,37,-143,-23,-59,14,896,148,-447
234,35,-145,-21,-59,17,896,142,-450
234,33,-147,-19,-60,18,890,142,-446
236,34,-142,-21,-60,18,896,139,-449
236,33,-145,-19,-60,19,896,140,-447
234,33,-147,-19,-58,18,896,135,-449
234,32,-146,-21,-55,15,892,134,-450
234,33,-145,-23,-52,12,893,137,-452
235,33,-145,-22,-49,9,890,136,-457
236,31,-153,-23,-45,6,888,139,-460
234,33,-144,-25,-40,5,890,136,-459
233,35,-146,-27,-35,5,893,142,-452
236,31,-146,-29,-32,7,888,141,-457
233,30,-148,-32,-28,5,891,138,-452
236,35,-147,-33,-27,5,892,137,-450
235,35,-143,-36,-28,4,889,139,-448
233,33,-145,-38,-29,4,890,140,-448
236,31,-142,-38,-31,3,888,140,-447
232,33,-148,-38,-32,3,890,137,-447
234,35,-147,-37,-35,2,891,144,-450
239,29,-147,-37,-38,2,895,142,-448
234,34,-143,-36,-40,2,894,140,-450
233,36,-146,-34,-41,2,889,139,-453
231,35,-146,-35,-42,4,891,142,-460
235,34,-147,-33,-41,5,885,138,-455
232,37,-147,-34,-40,5,889,141,-452
232,36,-145,-33,-38,6,885,140,-458
234,29,-149,-33,-37,5,890,139,-454
234,33,-142,-34,-35,4,882,134,-454
234,31,-143,-34,-33,3,888,132,-453
235,31,-147,-33,-33,3,887,140,-455
236,33,-138,-34,-30,2,893,140,-457
232,34,-144,-36,-31,3,892,134,-460
234,32,-146,-36,-30,1,891,140,-463
235,31,-146,-36,-29,0,888,142,-457
235,31,-146,-37,-28,1,887,136,-449
231,34,-144,-37,-29,2,884,139,-460
235,35,-147,-37,-28,1,888,140,-455
233,34,-146,-38,-28,2,884,142,-455
232,33,-145,-38,-27,3,883,137,-457
234,34,-150,-39,-26,3,881,137,-457
232,33,-145,-37,-25,1,885,132,-463
232,34,-143,-39,-25,2,881,139,-456
231,34,-145,-38,-25,1,890,136,-461
231,35,-148,-38,-25,1,893,138,-457
232,37,-144,-39,-28,3,892,140,-462
234,33,-144,-37,-30,3,889,137,-463
232,32,-148,-37,-30,3,884,140,-466
234,33,-145,-37,-32,2,888,140,-466
229,36,-147,-37,-30,2,881,139,-461
232,29,-150,-36,-26,2,878,138,-467
232,36,-147,-37,-23,2,881,134,-463
233,35,-147,-36,-18,1,879,129,-457
234,33,-152,-36,-16,3,887,130,-460
234,34,-144,-36,-16,3,889,135,-457
233,30,-145,-38,-18,2,881,130,-459
232,34,-145,-40,-20,2,883,131,-456
230,33,-147,-41,-22,1,879,134,-453
233,32,-146,-43,-24,1,881,130,-457
233,32,-145,-42,-28,0,879,133,-448
233,32,-144,-44,-33,-1,881,137,-450
228,34,-143,-47,-40,-2,889,137,-446
234,32,-145,-48,-47,-4,886,136,-454
232,31,-147,-48,-53,-3,882,133,-452
231,29,-143,-47,-59,-3,887,141,-460
232,36,-140,-48,-65,-5,881,138,-451
231,32,-150,-49,-73,-3,882,136,-466
232,34,-143,-47,-77,-4,883,140,-451
233,33,-146,-46,-80,-5,887,132,-457
234,31,-148,-46,-81,-4,885,134,-465
234,30,-144,-48,-81,-5,877,137,-465
230,34,-146,-47,-82,-6,883,134,-469
231,32,-151,-48,-83,-7,870,142,-465
234,32,-148,-49,-82,-8,880,135,-470
230,34,-150,-49,-82,-9,877,138,-467
233,29,-149,-50,-83,-10,881,139,-465
230,33,-147,-49,-84,-11,878,136,-468
230,32,-150,-48,-85,-11,877,140,-472
228,34,-149,-49,-84,-13,874,139,-471
227,35,-152,-47,-80,-12,877,140,-468
233,34,-147,-46,-79,-12,876,136,-477
235,30,-155,-44,-77,-11,872,142,-476
228,35,-152,-42,-75,-12,876,138,-476
231,33,-152,-41,-73,-12,879,133,-479
231,32,-155,-39,-69,-10,880,139,-479
230,35,-152,-38,-65,-9,881,142,-482
232,33,-153,-38,-64,-9,872,139,-478
234,34,-147,-38,-61,-10,876,133,-479
232,36,-150,-38,-58,-9,877,139,-480
231,35,-153,-37,-55,-10,873,133,-481
233,33,-155,-37,-51,-8,874,141,-476
229,34,-151,-39,-49,-9,874,134,-481
227,33,-152,-37,-46,-9,869,136,-479
231,34,-149,-37,-44,-9,871,135,-477
231,34,-154,-37,-42,-10,878,132,-481
233,32,-145,-37,-41,-11,874,138,-483
229,33,-150,-36,-38,-12,874,137,-482
229,37,-151,-37,-37,-12,875,138,-478
230,34,-153,-35,-37,-12,875,139,-490
232,33,-153,-34,-36,-11,879,139,-474
229,33,-154,-34,-35,-10,871,142,-483
230,31,-154,-34,-36,-9,874,138,-488
229,36,-154,-35,-35,-7,868,137,-482
232,32,-149,-36,-35,-6,876,137,-483
229,33,-152,-36,-37,-6,871,141,-481
233,31,-152,-34,-36,-5,875,138,-484
232,35,-157,-34,-38,-6,872,138,-481
232,34,-153,-34,-37,-6,873,137,-482
228,34,-156,-36,-35,-6,870,132,-484
229,28,-155,-38,-36,-6,871,136,-482
229,36,-153,-37,-35,-5,872,140,-480
230,31,-151,-38,-35,-6,870,141,-485
230,36,-155,-39,-34,-6,868,139,-491
234,33,-156,-36,-33,-6,869,139,-487
230,34,-152,-33,-31,-6,873,140,-489
228,33,-155,-33,-28,-6,870,141,-489
228,35,-149,-31,-23,-6,861,142,-488
230,34,-156,-28,-15,-5,865,136,-492
227,31,-155,-24,-8,-5,872,141,-487
229,35,-156,-25,-1,-5,866,136,-489
228,31,-157,-24,3,-3,871,139,-488
229,32,-157,-29,7,-4,870,130,-488
229,32,-155,-32,11,-6,872,135,-484
231,31,-155,-35,11,-7,872,132,-483
228,33,-148,-38,11,-10,869,130,-481
229,30,-149,-41,10,-12,873,126,-478
226,33,-149,-43,6,-15,871,130,-482
231,33,-157,-43,2,-17,868,133,-488
228,33,-153,-44,1,-20,871,132,-492
234,32,-156,-44,2,-22,880,140,-490
231,33,-152,-45,3,-22,873,138,-494
230,36,-155,-45,5,-24,871,139,-489
230,33,-154,-42,7,-24,873,140,-491
231,35,-156,-40,11,-26,871,141,-484
229,35,-156,-38,11,-26,870,141,-489
232,36,-150,-37,12,-26,867,143,-485
228,37,-150,-36,15,-25,868,139,-488
228,31,-155,-36,16,-25,868,139,-485
233,32,-154,-36,18,-23,867,141,-490
231,31,-157,-36,22,-22,870,143,-488
229,26,-156,-35,26,-22,875,141,-493
228,32,-155,-35,29,-23,867,138,-490
230,36,-155,-36,33,-22,870,144,-491
229,33,-154,-35,37,-22,871,142,-489
231,33,-155,-36,40,-23,866,138,-486
228,35,-155,-36,43,-24,865,139,-487
228,32,-152,-35,46,-23,868,132,-484
229,35,-152,-36,49,-21,869,138,-484
230,34,-153,-36,51,-21,868,142,-485
230,33,-151,-36,51,-21,868,142,-485
230,35,-155,-35,53,-19,869,140,-482
232,31,-153,-34,53,-19,870,144,-479
229,32,-153,-32,53,-19,873,141,-483
231,34,-150,-32,53,-19,874,144,-488
228,35,-152,-29,55,-20,876,138,-487
230,32,-153,-29,56,-20,876,137,-484
228,36,-152,-28,59,-20,877,135,-481
228,36,-153,-26,61,-21,869,137,-480
229,34,-151,-28,64,-21,869,141,-480
229,32,-155,-31,65,-19,868,144,-481
231,33,-149,-35,65,-18,867,137,-478
231,33,-152,-36,66,-18,874,140,-479
228,37,-152,-35,65,-18,868,143,-471
231,35,-148,-36,62,-17,870,142,-472
231,32,-151,-37,58,-15,875,136,-474
232,34,-151,-36,55,-14,873,145,-480
232,33,-149,-38,53,-13,874,144,-476
227,36,-152,-39,50,-13,875,132,-481
229,31,-150,-40,49,-12,869,142,-478
230,35,-155,-40,50,-13,875,132,-482
229,33,-154,-38,51,-15,879,132,-481
230,33,-152,-38,51,-15,868,129,-481
229,31,-160,-37,54,-18,876,135,-479
230,34,-151,-35,55,-18,876,139,-478
227,35,-148,-36,55,-18,876,140,-476
230,32,-147,-39,53,-20,880,136,-477
227,34,-149,-40,52,-22,879,140,-474
231,34,-148,-41,50,-23,879,135,-475
233,34,-146,-42,48,-23,878,137,-477
231,33,-149,-41,44,-23,877,135,-475
232,32,-152,-37,44,-24,881,136,-472
230,31,-151,-32,42,-25,875,138,-474
230,33,-149,-30,42,-26,873,139,-472
232,33,-150,-25,42,-28,879,135,-478
234,31,-153,-21,44,-31,884,134,-483
233,33,-146,-20,46,-35,884,135,-484
234,31,-152,-18,49,-38,882,137,-488
232,35,-157,-18,55,-42,880,137,-485
231,33,-153,-17,61,-42,877,135,-484
232,33,-154,-13,68,-43,875,140,-488
230,35,-158,-9,79,-44,872,140,-484
232,35,-154,-5,87,-44,883,142,-487
233,35,-155,0,93,-48,878,142,-482
232,35,-151,2,98,-46,879,132,-480
230,31,-150,8,105,-47,877,144,-475
234,29,-149,14,110,-45,884,132,-478
234,29,-150,26,117,-45,877,127,-473
230,32,-151,49,128,-47,887,125,-479
233,33,-149,61,137,-52,880,142,-483
231,34,-150,62,143,-53,877,138,-477
231,33,-148,60,148,-53,878,130,-477
230,37,-156,58,152,-53,878,154,-486
230,35,-155,42,150,-57,870,141,-478
230,37,-152,37,151,-50,878,142,-472
233,38,-154,41,153,-51,879,144,-472
228,36,-154,37,152,-48,881,143,-469
231,36,-153,33,150,-46,879,141,-459
231,37,-149,29,147,-44,883,147,-466
232,36,-151,24,146,-44,875,144,-467
232,35,-149,16,143,-42,874,147,-469
233,37,-150,8,141,-38,882,147,-472
231,37,-152,1,139,-36,885,145,-472
231,34,-149,-6,140,-35,877,139,-468
234,38,-149,-7,144,-33,881,143,-469
233,33,-153,-8,148,-33,886,141,-470
232,33,-146,-9,151,-34,877,136,-472
235,30,-150,-13,156,-36,893,132,-467
235,27,-150,-5,163,-37,897,124,-457
233,34,-149,5,168,-38,893,131,-464
233,32,-146,5,167,-37,890,124,-454
235,34,-147,10,169,-38,888,140,-445
236,31,-148,16,166,-39,895,136,-453
235,33,-146,20,164,-43,887,144,-461
234,31,-149,17,162,-41,888,139,-458
233,37,-144,20,160,-38,890,152,-460
236,35,-145,26,160,-38,885,146,-455
233,33,-147,33,164,-35,882,140,-459
231,42,-141,38,168,-33,888,148,-465
234,36,-147,36,166,-32,888,151,-454
232,35,-147,32,168,-29,884,148,-452
235,35,-146,29,168,-25,896,150,-454
234,34,-144,22,166,-26,889,143,-449
235,33,-146,16,163,-24,891,136,-441
230,32,-142,18,162,-22,891,131,-440
234,33,-142,20,159,-22,883,134,-439
233,34,-140,20,152,-24,879,141,-443
233,37,-140,13,143,-25,879,140,-434
231,38,-136,9,137,-25,890,139,-435
233,35,-138,9,134,-25,894,140,-432
238,35,-139,16,132,-23,897,136,-433
235,35,-143,20,125,-21,894,145,-436
236,32,-137,15,114,-20,906,135,-426
234,30,-133,20,99,-19,908,125,-410
237,31,-134,32,78,-21,903,127,-423
235,33,-139,26,54,-24,905,135,-425
237,30,-140,19,29,-28,902,120,-416
236,29,-137,26,12,-28,901,125,-422
235,34,-143,43,2,-27,900,137,-438
233,40,-150,50,2,-30,893,150,-462
231,43,-153,33,17,-35,880,161,-473
232,38,-152,7,36,-32,873,157,-483
234,38,-154,-22,58,-32,878,160,-482
233,37,-150,-48,80,-32,884,148,-477
235,30,-150,-68,101,-32,894,138,-467
236,30,-146,-78,118,-36,894,137,-457
235,31,-145,-83,130,-37,904,127,-455
236,33,-144,-83,140,-41,900,130,-444
236,33,-139,-83,146,-42,900,130,-434
235,31,-137,-76,147,-46,901,128,-431
233,34,-133,-69,143,-43,898,140,-420
237,36,-134,-62,136,-41,901,136,-414
237,33,-137,-58,126,-40,901,138,-417
235,32,-138,-53,116,-40,898,129,-422
236,31,-134,-50,107,-42,898,136,-416
237,35,-139,-44,98,-43,901,131,-417
237,30,-135,-34,94,-43,903,130,-423
233,30,-135,-20,89,-48,897,132,-423
235,31,-137,-6,87,-50,898,135,-421
236,35,-137,3,89,-52,896,142,-434
237,28,-137,5,93,-52,901,130,-428
235,36,-140,11,97,-50,902,146,-435
235,36,-141,12,97,-49,901,144,-430
235,37,-137,9,96,-46,901,150,-427
235,39,-139,5,90,-44,896,150,-431
236,37,-138,2,84,-43,899,155,-424
239,35,-140,-3,82,-42,898,150,-423
236,34,-140,-3,80,-42,895,141,-425
236,35,-137,3,77,-41,901,148,-429
239,33,-134,9,76,-40,905,147,-428
234,37,-134,9,76,-36,898,146,-433
238,35,-137,13,77,-33,904,144,-422
237,38,-133,27,78,-33,895,130,-411
235,33,-140,53,80,-30,897,129,-416
235,39,-140,69,80,-28,900,148,-431
235,39,-136,64,80,-28,892,154,-432
236,39,-139,47,78,-27,898,157,-429
235,41,-135,31,74,-25,893,158,-426
234,40,-134,12,72,-24,891,157,-426
234,40,-136,1,69,-21,890,149,-419
234,38,-137,-8,65,-17,896,146,-424
236,33,-137,-12,64,-15,901,142,-424
237,35,-135,-11,64,-13,894,144,-418
238,38,-132,-9,62,-14,897,133,-413
237,34,-136,1,58,-13,907,141,-419
238,34,-139,12,55,-11,903,145,-428
236,35,-137,12,55,-14,900,142,-429
234,37,-140,5,53,-13,899,143,-428
236,36,-137,-4,54,-11,895,146,-425
234,32,-136,-6,53,-10,897,138,-419
238,34,-137,0,45,-10,902,146,-424
236,39,-135,2,46,-11,905,152,-422
234,39,-132,-12,51,-9,899,154,-417
233,39,-138,-29,54,-6,901,144,-411
243,34,-134,-37,50,-4,899,145,-410
237,34,-133,-46,44,-2,899,147,-413
235,31,-136,-48,36,0,904,145,-412
234,35,-138,-46,31,1,900,137,-415
236,32,-136,-46,26,1,904,138,-418
236,34,-136,-45,24,-1,899,139,-414
237,34,-132,-45,21,-2,903,135,-416
236,34,-135,-47,19,-1,907,140,-419
237,30,-134,-50,20,-4,901,138,-417
239,34,-135,-50,20,-6,906,138,-417
236,36,-133,-48,19,-7,902,137,-424
238,32,-140,-48,19,-7,903,138,-418
237,33,-137,-46,18,-8,903,137,-423
236,33,-139,-42,19,-9,908,135,-416
237,34,-133,-36,18,-10,904,138,-426
237,37,-136,-34,19,-11,904,136,-422
237,36,-138,-35,18,-10,908,139,-422
239,32,-137,-37,18,-10,905,139,-427
235,32,-136,-36,20,-12,907,138,-427
237,32,-137,-34,21,-13,906,138,-427
236,32,-139,-33,22,-14,912,137,-418
236,34,-139,-32,23,-14,902,140,-420
236,34,-138,-30,25,-17,905,141,-425
236,34,-135,-29,26,-19,906,144,-420
239,35,-138,-31,25,-20,913,141,-422
236,35,-137,-31,25,-19,913,139,-424
237,33,-137,-34,20,-19,911,137,-421
236,33,-137,-34,15,-19,901,138,-419
236,34,-138,-35,12,-20,901,138,-424
238,34,-139,-34,11,-22,900,146,-420
236,38,-136,-33,12,-23,898,145,-426
234,36,-133,-40,19,-25,899,144,-426
236,36,-133,-43,23,-24,900,146,-423
232,36,-131,-44,25,-23,902,151,-416
238,35,-140,-44,24,-20,901,144,-422
236,33,-135,-42,22,-19,902,144,-421
238,34,-138,-42,20,-16,908,137,-423
237,38,-136,-35,16,-14,907,143,-418
237,35,-135,-31,15,-12,905,142,-426
237,33,-135,-30,17,-12,913,140,-424
238,34,-137,-30,18,-13,904,142,-423
236,34,-134,-28,19,-12,898,140,-422
237,34,-136,-29,19,-13,895,140,-419
236,38,-136,-25,19,-12,894,148,-423
237,38,-136,-25,18,-11,896,144,-421
236,35,-134,-27,15,-9,902,145,-420
235,35,-132,-30,14,-8,903,142,-417
236,37,-137,-34,14,-4,906,144,-419
235,36,-137,-39,12,-4,903,140,-418
235,34,-135,-41,13,-5,901,144,-423
236,35,-133,-39,15,-4,906,146,-419
237,37,-135,-39,16,-4,904,146,-423
235,37,-138,-38,17,-4,901,146,-419
238,32,-140,-37,19,-2,907,144,-429
237,34,-138,-37,21,-2,902,144,-428
241,29,-139,-35,26,-2,905,144,-427
235,36,-139,-35,30,-1,907,146,-432
237,38,-137,-33,32,1,908,142,-427
237,34,-139,-31,35,2,911,145,-424
236,35,-135,-32,35,4,908,142,-423
239,35,-133,-37,36,6,907,143,-428
239,35,-136,-40,36,7,906,146,-426
236,33,-136,-42,36,7,912,139,-423
238,33,-137,-44,35,6,912,134,-421
239,36,-134,-45,34,3,909,140,-423
235,31,-136,-44,33,2,910,142,-423
240,35,-136,-45,31,0,909,140,-428
236,31,-135,-43,31,-1,904,132,-429
238,32,-140,-43,33,0,902,138,-425
238,34,-136,-39,34,-2,902,138,-423
237,36,-137,-35,35,-2,908,137,-424
236,30,-134,-29,35,-1,906,134,-426
237,33,-140,-18,30,-2,909,139,-426
238,34,-139,-15,32,-1,907,138,-427
237,36,-140,-12,31,-2,913,132,-427
239,28,-141,-9,30,-5,907,136,-430
239,31,-139,-8,31,-6,914,133,-424
238,33,-133,-12,33,-7,907,139,-414
237,33,-133,-18,35,-8,902,138,-411
240,33,-136,-25,33,-10,906,140,-417
238,34,-136,-33,35,-12,907,135,-421
237,32,-138,-40,36,-12,914,137,-419
238,30,-140,-43,40,-13,910,134,-423
239,32,-142,-40,42,-15,918,127,-432
242,29,-144,-37,49,-16,925,119,-446
245,26,-148,-35,62,-19,930,118,-468
250,24,-154,-40,80,-24,943,111,-471
242,27,-147,-55,95,-30,932,112,-473
253,30,-151,-69,103,-23,950,123,-482
254,24,-145,-77,120,-31,969,92,-447
260,22,-145,-91,133,-50,989,90,-461
258,19,-141,-98,139,-67,986,87,-447
257,19,-139,-88,140,-81,975,92,-444
256,22,-144,-61,138,-90,971,102,-452
250,28,-147,-23,139,-96,957,114,-459
249,33,-152,12,144,-98,947,138,-459
248,34,-146,39,147,-97,940,151,-453
240,35,-141,54,152,-94,926,150,-451
235,40,-143,59,155,-91,900,158,-446
231,38,-138,47,158,-83,868,151,-440
235,38,-140,35,161,-74,884,159,-428
236,42,-134,31,165,-73,895,163,-409
230,32,-132,42,175,-67,865,139,-409
229,32,-128,72,180,-56,866,134,-392
229,34,-126,109,173,-49,882,142,-382
227,34,-122,140,157,-39,868,140,-367
232,36,-119,162,142,-30,864,153,-362
229,44,-118,172,129,-26,872,172,-349
222,54,-117,167,116,-22,868,194,-351
228,57,-120,138,104,-17,853,205,-353
228,58,-118,94,87,-9,861,226,-344
227,62,-120,40,74,-4,868,234,-348
228,57,-120,-17,62,0,870,218,-353
227,50,-121,-68,53,5,864,195,-353
230,41,-119,-111,50,13,872,166,-353
233,34,-117,-123,45,17,877,142,-355
234,35,-118,-122,39,20,885,134,-352
234,31,-123,-114,32,18,891,133,-354
232,32,-120,-107,29,17,884,138,-363
233,35,-119,-103,27,19,884,140,-355
232,38,-120,-92,25,21,887,145,-347
234,37,-123,-83,19,23,893,145,-363
234,39,-122,-71,9,27,897,154,-372
236,35,-128,-59,-1,30,903,149,-387
236,33,-128,-46,-11,34,915,142,-394
237,36,-137,-34,-17,36,902,140,-403
237,31,-134,-30,-22,37,915,130,-409
238,28,-134,-27,-20,36,916,126,-414
243,27,-136,-30,-16,35,923,118,-426
243,29,-137,-31,-9,31,926,122,-423
245,29,-138,-29,4,24,924,120,-431
245,28,-137,-22,14,17,927,122,-430
240,29,-135,-12,22,14,929,130,-417
242,30,-135,4,22,11,931,130,-413
246,28,-132,22,24,8,933,131,-422
241,31,-136,38,28,8,928,132,-424
242,34,-142,48,31,5,925,138,-430
240,35,-142,47,34,4,920,137,-430
243,38,-142,39,37,5,921,140,-426
241,33,-133,26,38,4,918,144,-424
241,35,-133,13,38,4,915,140,-415
241,36,-129,3,37,5,916,137,-409
241,31,-129,-4,30,8,917,135,-405
239,28,-127,-3,25,9,918,134,-401
238,30,-130,-3,24,3,914,136,-403
238,32,-130,-6,27,1,909,135,-407
236,36,-131,-8,33,-2,907,141,-401
236,33,-129,-9,40,0,900,134,-402
236,34,-132,-6,36,3,900,136,-396
236,31,-128,4,28,7,906,130,-394
235,36,-132,14,19,11,905,132,-401
236,32,-130,25,12,12,908,131,-396
236,35,-131,28,8,15,910,136,-404
246,36,-132,22,9,16,915,146,-392
236,35,-128,8,6,15,904,145,-378
237,35,-126,-9,6,12,905,134,-375
236,34,-125,-20,5,12,909,135,-378
237,35,-126,-33,8,8,906,136,-382
237,32,-126,-45,7,5,906,133,-384
236,31,-129,-52,4,3,905,131,-379
238,32,-126,-54,-3,0,918,133,-382
237,32,-126,-56,-9,-1,918,130,-383
237,32,-127,-54,-17,-2,915,133,-383
241,29,-128,-54,-26,-2,915,132,-388
245,33,-132,-51,-33,-2,918,133,-395
239,32,-130,-50,-36,-3,917,137,-395
241,32,-129,-45,-37,-3,924,139,-403
240,36,-132,-44,-33,-6,917,137,-403
241,35,-132,-48,-29,-7,918,135,-408
239,35,-133,-58,-24,-6,917,132,-403
239,34,-135,-66,-19,-6,919,140,-409
239,34,-134,-67,-16,-6,918,130,-404
237,30,-137,-65,-17,-8,918,132,-407
242,31,-131,-62,-16,-9,920,131,-414
239,34,-138,-53,-16,-11,926,132,-422
237,36,-136,-43,-14,-11,921,129,-423
244,31,-136,-33,-10,-11,916,130,-423
241,32,-137,-25,-5,-11,919,131,-428
236,34,-136,-19,5,-12,913,130,-425
238,34,-135,-17,6,-12,912,139,-417
239,36,-134,-20,3,-10,914,145,-418
239,34,-135,-30,4,-7,913,145,-409
238,38,-131,-42,4,-4,915,149,-405
237,38,-132,-54,9,-2,914,147,-389
236,34,-128,-65,10,1,910,143,-393
236,35,-131,-74,11,1,906,143,-390
238,33,-126,-80,7,2,901,133,-372
238,33,-126,-87,5,3,906,135,-382
238,32,-126,-89,3,2,904,136,-389
234,33,-132,-91,0,2,902,132,-391
238,30,-130,-92,-1,1,909,127,-393
237,29,-133,-81,-2,2,913,126,-396
240,30,-130,-68,-2,0,915,129,-407
239,33,-138,-56,-1,0,916,132,-413
239,31,-137,-47,-1,-1,916,131,-422
239,30,-138,-42,-1,-2,913,130,-423
240,37,-135,-41,2,-3,912,142,-423
238,35,-137,-39,6,-2,914,142,-420
240,32,-134,-42,12,0,916,142,-417
241,35,-136,-46,17,-1,921,137,-414
239,30,-133,-47,19,-2,916,140,-414
242,32,-134,-49,20,0,918,135,-412
237,34,-133,-52,19,-1,919,133,-408
237,35,-133,-52,18,-2,912,135,-411
238,32,-137,-54,20,-1,916,136,-410
238,30,-134,-56,20,-1,913,136,-407
240,33,-132,-56,21,-2,912,136,-412
238,36,-132,-56,21,-1,916,133,-414
236,34,-134,-54,20,-1,918,133,-410
241,30,-132,-54,21,-1,917,127,-413
242,30,-136,-51,22,-3,915,132,-413
238,32,-137,-51,25,-4,916,126,-416
239,34,-136,-51,28,-4,920,133,-410
239,30,-136,-47,29,-5,916,131,-416
240,31,-134,-46,32,-6,914,140,-413
239,32,-135,-44,37,-6,915,139,-407
242,32,-133,-42,38,-7,915,137,-409
237,34,-133,-42,42,-4,913,133,-409
236,29,-134,-42,42,-5,917,129,-403
239,30,-131,-41,44,-6,915,132,-401
236,32,-129,-43,43,-6,904,131,-403
240,35,-132,-45,42,-9,911,135,-399
238,33,-129,-47,41,-11,911,131,-400
237,31,-131,-48,37,-12,910,134,-399
237,34,-132,-45,36,-11,907,133,-396
238,32,-133,-41,32,-12,903,132,-403
237,32,-130,-41,30,-11,911,138,-404
237,32,-134,-37,31,-10,912,130,-408
239,30,-133,-35,32,-9,914,129,-408
238,33,-134,-33,33,-12,913,130,-414
239,32,-130,-31,35,-12,915,135,-406
237,35,-130,-32,37,-13,915,133,-400
239,31,-127,-38,38,-14,916,141,-402
239,35,-130,-44,34,-13,916,136,-400
237,32,-131,-51,30,-13,910,135,-396
238,31,-128,-54,26,-14,916,132,-398
239,32,-131,-54,22,-15,914,132,-395
241,35,-133,-51,19,-15,918,131,-403
237,33,-132,-48,19,-17,912,133,-408
237,33,-135,-44,21,-16,912,131,-411
237,29,-133,-40,21,-16,913,134,-419
238,32,-137,-38,21,-14,916,141,-419
237,30,-131,-35,24,-14,911,143,-410
240,33,-138,-35,26,-10,912,139,-411
239,34,-135,-34,27,-11,913,147,-409
236,36,-134,-38,28,-8,910,146,-410
235,35,-130,-46,27,-7,907,142,-405
238,33,-128,-55,27,-5,911,145,-398
238,38,-128,-64,25,-3,906,142,-401
237,36,-125,-70,23,-1,904,144,-395
237,37,-127,-77,20,-2,911,139,-395
235,33,-122,-82,19,-2,906,139,-385
237,36,-128,-84,17,-2,908,137,-380
236,32,-127,-83,14,-1,906,131,-390
237,34,-132,-82,11,1,911,132,-397
236,29,-129,-75,7,0,914,127,-404
240,28,-131,-67,5,1,915,127,-406
241,32,-134,-58,5,-2,917,129,-410
240,31,-138,-52,4,-3,917,130,-412
239,31,-134,-51,4,-5,920,135,-415
239,33,-137,-48,7,-7,921,136,-417
237,39,-137,-45,9,-8,920,134,-417
242,31,-126,-43,13,-6,918,140,-410
237,36,-134,-42,18,-6,916,140,-412
240,33,-132,-44,23,-5,916,134,-410
238,33,-133,-47,26,-6,917,134,-403
239,34,-132,-50,28,-8,916,131,-400
238,29,-133,-51,31,-11,916,131,-400
239,34,-130,-53,32,-12,916,133,-394
239,31,-126,-52,33,-12,918,139,-399
241,30,-130,-48,33,-13,916,134,-401
242,34,-134,-44,31,-15,915,131,-409
240,32,-132,-40,29,-14,919,134,-411
243,31,-144,-36,26,-14,918,132,-420
240,34,-137,-33,27,-15,920,131,-423
239,32,-140,-28,28,-15,917,135,-416
236,33,-131,-30,32,-15,917,133,-407
238,32,-128,-33,35,-14,911,135,-398
237,33,-126,-38,35,-15,902,138,-381
236,33,-121,-50,34,-16,904,137,-371
237,35,-117,-65,34,-16,908,145,-361
239,35,-119,-79,34,-14,913,140,-343
239,33,-119,-90,29,-13,913,138,-345
236,36,-125,-92,17,-12,915,135,-357
239,30,-119,-88,1,-13,916,134,-362
242,31,-126,-73,-13,-13,920,128,-373
238,29,-130,-49,-19,-11,919,130,-390
236,32,-131,-20,-24,-10,908,133,-410
241,33,-137,9,-28,-9,908,136,-421
237,34,-144,26,-24,-9,908,133,-429
236,36,-141,32,-22,-8,901,142,-438
237,36,-137,23,-24,-7,901,151,-437
236,34,-140,-2,-22,-5,904,147,-427
237,35,-136,-23,-22,-4,901,150,-409
243,37,-133,-38,-20,0,907,142,-401
236,36,-126,-44,-17,1,906,146,-401
237,34,-131,-46,-18,1,912,145,-398
239,35,-129,-44,-16,2,911,139,-399
237,35,-129,-41,-16,1,915,138,-393
237,31,-132,-32,-18,1,912,137,-402
238,32,-136,-18,-17,1,924,136,-404
242,31,-133,-7,-12,1,919,130,-423
240,32,-136,3,-2,3,923,135,-424
240,29,-138,12,9,2,923,132,-424
241,29,-134,17,10,2,923,132,-426
242,33,-139,18,11,2,917,134,-430
241,33,-138,16,6,2,919,135,-429
240,33,-135,11,5,1,918,134,-430
239,34,-138,5,2,-2,920,138,-432
239,36,-138,-4,5,-3,916,141,-429
238,33,-136,-10,9,-3,919,133,-421
237,33,-137,-14,16,-5,917,137,-425
236,32,-138,-21,21,-5,916,132,-421
239,33,-133,-26,24,-4,917,134,-420
240,33,-136,-32,23,-6,916,137,-416
238,30,-135,-39,23,-8,908,135,-420
239,42,-139,-38,25,-9,913,128,-421
239,31,-136,-34,31,-10,913,134,-425
237,33,-133,-28,38,-11,909,136,-424
238,32,-138,-23,47,-11,913,141,-426
236,33,-134,-20,53,-8,912,137,-413
237,33,-134,-20,58,-8,921,130,-409
241,34,-133,-14,60,-6,918,132,-412
238,33,-130,-16,57,-6,922,134,-410
241,32,-133,-22,57,-6,919,126,-407
242,30,-129,-27,58,-6,919,122,-403
239,29,-133,-28,58,-11,914,121,-400
242,34,-130,-28,56,-12,913,118,-404
239,27,-128,-26,50,-17,912,119,-397
236,30,-130,-22,44,-21,912,121,-402
238,29,-130,-14,41,-24,909,124,-409
240,34,-134,-8,42,-26,908,131,-415
239,31,-131,-5,47,-27,910,135,-408
237,37,-137,-5,49,-24,912,140,-414
239,35,-133,-14,49,-25,913,148,-410
238,35,-128,-31,46,-25,917,145,-405
240,36,-124,-45,45,-25,915,144,-400
239,35,-124,-58,41,-23,914,139,-387
243,33,-137,-59,38,-22,917,136,-388
236,29,-127,-53,35,-24,909,130,-390
238,31,-127,-41,35,-28,910,130,-396
238,31,-130,-27,36,-29,914,133,-413
237,33,-134,-18,40,-31,915,130,-412
239,32,-133,-16,43,-32,916,137,-415
238,31,-134,-11,47,-29,920,129,-410
238,31,-129,4,52,-28,918,130,-399
238,36,-138,22,52,-28,913,141,-415
239,34,-135,24,52,-27,914,146,-423
239,39,-137,18,52,-23,913,154,-421
238,39,-136,6,52,-23,910,152,-412
237,40,-129,-8,54,-20,911,157,-405
238,39,-129,-24,55,-17,906,150,-397
236,39,-127,-37,56,-11,911,145,-393
235,35,-127,-45,56,-8,912,143,-376
238,35,-125,-50,57,-6,913,139,-380
237,33,-126,-47,58,-5,913,132,-385
239,32,-132,-38,58,-3,919,133,-393
239,34,-127,-30,54,-3,913,138,-399
241,33,-132,-27,51,-3,912,135,-399
240,32,-132,-21,45,-3,916,132,-401
238,37,-135,-16,44,-4,918,132,-409
239,35,-130,-13,44,-2,912,133,-407
238,33,-132,-10,44,-1,909,139,-408
236,32,-135,-6,45,-2,915,135,-409
241,34,-131,-3,46,1,911,136,-406
238,37,-131,-6,49,2,914,142,-398
238,37,-128,-14,46,4,912,151,-396
238,36,-130,-29,38,7,907,150,-392
239,37,-130,-44,28,11,907,154,-382
237,36,-124,-59,23,16,908,146,-384
238,38,-125,-72,20,19,912,144,-383
239,35,-127,-90,20,20,917,140,-391
241,36,-128,-103,21,20,918,135,-385
240,34,-126,-114,23,21,923,131,-385
241,28,-128,-118,26,19,920,122,-389
241,26,-128,-117,30,18,918,119,-376
238,27,-125,-103,28,15,919,122,-378
241,27,-129,-84,26,11,922,126,-391
240,29,-131,-68,25,11,915,122,-400
237,31,-133,-57,23,13,915,129,-405
241,33,-129,-55,23,11,916,130,-407
238,31,-132,-55,24,10,922,129,-400
241,30,-132,-57,25,7,918,133,-402
241,30,-130,-63,27,7,919,129,-397
241,33,-126,-71,26,4,918,130,-388
238,31,-132,-77,22,2,917,137,-382
236,33,-127,-79,15,1,921,137,-390
241,33,-127,-79,9,1,915,135,-386
238,30,-126,-77,6,0,912,132,-387
238,32,-129,-72,4,-2,914,127,-391
238,32,-130,-65,6,-2,917,130,-387
240,31,-130,-56,8,-2,911,128,-397
234,33,-129,-51,8,-4,919,133,-400
238,32,-129,-47,9,-3,914,136,-394
239,32,-131,-48,10,-3,910,138,-400
237,35,-127,-48,12,-3,908,137,-389
238,35,-130,-52,12,-2,908,138,-391
236,35,-128,-56,12,-1,912,139,-393
236,32,-132,-59,13,-2,916,137,-383
236,33,-127,-63,12,-2,912,135,-393
239,34,-130,-62,8,-3,913,134,-398
237,34,-130,-61,5,-2,916,134,-396
241,34,-132,-57,4,-3,915,132,-399
244,31,-128,-54,2,-2,916,132,-401
239,31,-131,-51,3,-1,915,135,-401
237,30,-132,-49,5,-2,915,131,-408
239,34,-136,-46,6,-3,915,137,-406
236,32,-133,-47,10,-3,915,134,-408
239,30,-130,-47,16,-4,917,131,-404
240,33,-132,-43,20,-6,915,133,-399
240,34,-136,-39,23,-5,913,136,-407
242,33,-132,-35,25,-3,924,138,-405
241,29,-129,-36,24,-2,923,136,-399
239,32,-129,-39,24,-3,925,139,-406
236,32,-131,-42,23,-3,919,132,-400
237,33,-130,-45,24,-3,916,131,-398
238,33,-129,-49,24,-4,916,135,-400
238,32,-132,-52,24,-4,913,133,-398
240,32,-129,-53,23,-5,918,135,-396
238,32,-129,-54,23,-5,914,137,-397
237,31,-131,-57,23,-4,912,138,-400
238,30,-134,-54,23,-4,913,132,-399
239,32,-131,-51,20,-1,916,135,-403
239,31,-132,-48,17,-1,919,136,-399
239,35,-132,-47,17,1,916,134,-408
241,33,-129,-50,14,1,916,135,-405
238,33,-130,-52,14,2,915,136,-404
237,33,-132,-55,14,1,917,138,-400
240,30,-129,-57,15,3,912,135,-396
241,32,-129,-60,17,4,917,133,-397
240,34,-129,-63,18,5,917,137,-392
240,34,-128,-66,17,6,916,137,-397
240,32,-131,-69,16,8,916,140,-399
238,35,-131,-72,15,8,917,144,-402
239,35,-132,-77,12,11,911,145,-406
237,35,-131,-84,11,13,917,143,-410
237,33,-136,-89,9,14,914,141,-409
238,36,-134,-97,9,15,917,142,-412
241,35,-136,-104,10,17,924,138,-409
242,35,-134,-107,15,17,923,132,-411
241,32,-134,-111,22,17,923,132,-414
241,30,-134,-111,33,17,920,136,-411
240,33,-131,-113,39,19,926,137,-409
241,36,-131,-110,44,18,917,136,-402
238,35,-133,-108,47,20,921,134,-397
240,31,-132,-107,51,20,916,133,-390
239,32,-128,-103,51,21,917,132,-386
235,32,-128,-97,51,21,916,130,-386
238,30,-130,-91,51,19,910,132,-385
237,33,-129,-86,51,18,915,130,-392
